17 4 0
87 2 5
44 18 1
49 44 1
113 50 3
113 3 90
17 6 4
91 5 8
91 87 5
17 9 6
32 6 9
82 8 33
91 8 82
17 10 9
25 9 10
23 19 9
32 9 19
25 23 9
14 11 10
27 10 11
17 14 10
27 25 10
55 13 16
29 27 11
55 30 13
34 15 18
55 16 35
36 34 18
38 36 18
40 38 18
44 40 18
61 20 24
85 33 22
78 21 62
78 74 21
85 22 75
67 24 26
65 61 24
67 65 24
70 26 28
70 67 26
72 28 31
72 70 28
55 51 30
72 31 52
85 82 33
55 35 37
55 37 39
55 39 41
159 42 45
58 55 41
160 59 43
49 46 44
169 45 48
161 159 45
163 161 45
165 163 45
169 165 45
115 47 50
157 47 115
157 129 47
169 48 130
115 50 113
239 53 57
340 73 54
331 53 239
340 54 332
256 56 60
254 238 56
301 254 56
308 56 256
304 301 56
306 304 56
308 306 56
196 59 160
256 60 197
342 63 66
343 79 64
344 66 68
344 342 66
340 68 71
344 68 340
340 71 73
357 77 81
110 86 76
357 111 77
354 79 343
355 350 80
356 80 350
110 83 86
100 92 83
110 100 83
100 88 92
101 88 100
112 89 102
101 96 93
206 95 98
117 102 94
127 117 94
206 128 95
101 99 96
103 96 99
206 98 105
101 100 99
108 99 100
106 103 99
108 106 99
110 108 100
114 112 102
117 114 102
325 104 107
326 206 105
366 107 109
366 325 107
364 109 111
366 109 364
360 111 357
364 111 360
158 116 118
123 119 117
376 118 122
125 123 117
127 125 117
158 118 155
377 155 118
377 118 376
206 120 124
209 121 207
371 121 209
374 122 372
376 122 374
206 124 126
206 126 128
154 131 129
169 130 132
157 154 129
152 134 131
170 133 135
154 152 131
150 136 134
172 135 137
152 150 134
172 170 135
148 138 136
173 137 139
150 148 136
173 172 137
144 140 138
173 139 141
148 144 138
415 142 147
182 173 141
421 183 143
429 142 415
430 421 143
380 145 149
414 146 381
390 149 151
382 380 149
385 382 149
387 385 149
390 387 149
391 151 153
391 390 151
391 153 156
391 156 378
196 160 162
198 162 164
198 196 162
200 164 168
200 198 164
172 166 170
184 166 172
190 167 185
200 168 191
184 172 173
177 174 173
184 173 174
179 177 173
182 179 173
431 176 178
186 184 174
431 188 176
431 178 180
421 180 183
431 180 421
190 185 187
193 190 187
441 195 189
432 188 431
440 188 432
262 192 194
259 201 192
262 259 192
236 217 194
274 194 217
441 237 195
265 262 194
267 265 194
269 267 194
271 269 194
274 271 194
259 197 199
259 256 197
259 199 201
289 205 202
326 204 206
298 202 254
321 255 203
292 289 202
294 292 202
296 294 202
298 296 202
323 321 203
286 208 205
289 286 205
286 210 208
371 209 211
283 212 210
373 211 213
286 283 210
373 371 211
283 214 212
375 213 215
375 373 213
283 217 214
370 216 219
375 215 367
236 220 217
394 218 221
277 274 217
279 277 217
281 279 217
283 281 217
397 370 219
397 219 395
234 222 220
419 221 223
236 234 220
419 394 221
232 224 222
417 223 225
234 232 222
419 223 417
229 226 224
408 225 228
232 229 224
411 225 408
417 225 411
405 227 231
408 228 406
427 230 233
428 405 231
435 233 235
437 427 233
437 233 435
439 235 237
439 435 235
441 439 237
252 240 238
331 239 241
254 252 238
250 242 240
333 241 243
252 250 240
333 331 241
247 244 242
338 243 246
250 247 242
335 333 243
338 335 243
327 245 249
338 246 328
310 248 251
327 249 311
316 251 253
314 310 251
316 314 251
319 253 255
319 316 253
301 298 254
321 319 255
450 257 260
475 309 258
475 258 452
449 261 264
445 442 260
460 260 442
447 445 260
453 450 260
456 453 260
458 456 260
460 458 260
524 263 266
527 449 264
527 264 525
522 266 268
524 266 522
520 268 270
522 268 520
518 270 273
520 270 518
515 272 276
518 273 516
509 275 278
515 276 511
512 278 280
512 509 278
505 280 282
512 280 505
507 282 285
507 505 282
500 284 288
507 285 501
495 287 291
503 288 496
503 500 288
493 290 293
466 291 464
494 464 291
468 291 466
470 291 468
472 291 470
498 291 472
498 495 291
491 293 295
493 293 491
489 295 297
491 295 489
487 297 300
489 297 487
484 299 303
487 300 485
481 302 305
484 303 482
479 305 307
481 305 479
477 307 309
479 307 477
477 309 475
353 313 315
352 330 312
350 315 317
353 315 350
362 317 320
362 350 317
362 320 322
362 322 324
365 362 324
344 339 329
347 344 329
352 348 330
341 332 334
341 340 332
341 334 336
344 336 339
344 341 336
344 340 341
354 343 346
349 346 348
354 346 349
352 349 348
358 356 350
361 358 350
362 361 350
363 358 361
365 361 362
365 363 361
377 376 368
396 378 369
396 391 378
398 381 383
414 381 398
413 383 386
413 398 383
413 386 389
392 387 390
413 389 393
396 390 391
396 392 390
418 413 393
403 401 398
420 400 402
407 403 398
409 407 398
412 409 398
413 412 398
429 415 400
429 400 420
423 402 404
423 420 402
425 423 404
416 409 412
418 412 413
418 416 412
436 421 424
432 431 421
433 432 421
436 433 421
436 424 426
438 432 433
440 432 438
473 444 446
469 461 443
471 469 443
499 446 448
499 473 446
499 448 497
526 497 448
463 451 455
474 451 463
462 454 457
465 457 459
465 462 457
467 459 461
467 465 459
469 467 461
476 474 463
478 476 463
480 478 463
483 480 463
486 483 463
488 486 463
490 488 463
492 490 463
526 504 497
523 502 504
521 508 502
523 521 502
526 523 504
519 506 508
517 513 506
519 517 506
521 519 508
514 510 513
517 514 513
