50 3 0
82 1 4
87 51 2
82 52 1
89 2 53
89 87 2
50 6 3
514 5 7
514 83 5
50 8 6
514 7 10
47 11 8
511 9 12
50 47 8
514 10 512
36 13 11
509 12 14
47 36 11
511 12 509
26 15 13
507 14 17
28 26 13
31 28 13
36 31 13
509 14 507
23 18 15
504 16 19
26 23 15
507 17 505
23 20 18
504 19 21
688 22 24
504 21 502
677 502 21
688 678 22
810 25 27
808 689 25
810 808 25
810 27 30
768 29 32
810 30 769
36 33 31
793 32 35
771 768 32
793 771 32
161 34 38
679 34 161
798 35 680
796 793 35
798 796 35
42 39 36
64 37 41
45 42 36
47 45 36
160 37 64
61 40 43
63 40 61
126 44 46
120 62 44
122 120 44
124 122 44
126 124 44
100 46 49
102 46 100
126 46 102
84 48 51
100 49 85
87 84 51
79 54 52
91 53 55
82 79 52
91 89 53
77 56 54
91 55 57
79 77 54
63 59 56
94 58 60
65 63 56
75 65 56
77 75 56
93 91 57
63 61 59
115 60 62
96 94 60
115 96 60
118 115 62
120 118 62
134 64 66
160 64 134
70 67 65
132 66 68
73 70 65
75 73 65
134 66 132
520 69 72
132 68 130
149 130 68
149 68 147
157 147 68
447 158 69
520 447 69
517 71 74
519 71 517
517 74 76
517 76 78
517 78 81
516 80 83
516 83 514
101 86 88
101 88 90
99 90 92
101 90 99
97 92 95
99 92 97
111 98 96
113 111 96
115 113 96
105 100 98
107 105 98
109 107 98
111 109 98
105 102 100
140 104 106
137 127 103
139 137 103
142 106 108
142 140 106
144 108 110
144 142 108
144 110 112
146 112 114
146 144 112
148 114 117
148 146 114
128 116 119
148 117 129
131 119 121
131 128 119
133 121 123
133 131 121
133 123 125
135 125 127
135 133 125
137 135 127
227 134 136
227 160 134
229 136 138
229 227 136
229 138 141
187 141 143
209 141 187
229 141 209
189 143 145
189 187 143
157 145 147
191 145 157
191 189 145
172 153 150
281 152 154
174 172 150
280 175 151
260 155 153
452 154 156
238 153 172
260 153 238
812 281 154
812 154 452
253 157 155
450 156 159
256 253 155
258 256 155
260 258 155
452 156 450
193 191 157
196 193 157
199 196 157
271 199 157
273 157 253
273 271 157
450 159 448
227 162 160
681 161 163
681 679 161
220 164 162
672 163 165
223 220 162
225 223 162
227 225 162
674 163 672
683 163 674
683 681 163
247 167 164
670 166 168
180 177 164
207 164 177
183 180 164
216 183 164
249 164 207
218 216 164
220 218 164
249 247 164
672 165 669
240 170 167
704 169 171
242 240 167
245 242 167
247 245 167
528 168 524
702 524 168
670 168 528
238 172 170
714 171 173
240 238 170
716 704 171
716 171 714
735 173 176
735 714 173
283 175 280
735 176 285
1227 179 182
1229 208 178
1229 178 1226
1223 181 184
1227 182 1224
216 185 183
1221 184 186
1223 184 1221
212 187 185
1219 186 188
214 212 185
216 214 185
1221 186 1219
1217 188 190
212 209 187
1219 188 1217
1215 190 192
1217 190 1215
1213 192 195
1215 192 1213
1210 194 198
1213 195 1211
1207 197 200
1210 198 1208
271 201 199
1237 200 202
1237 1207 200
267 203 201
1235 202 204
269 267 201
271 269 201
1237 202 1235
251 205 203
1233 204 206
251 203 231
264 231 203
267 264 203
1235 204 1233
249 207 205
1231 206 208
251 249 205
1233 206 1231
1231 208 1229
795 211 213
797 230 210
797 210 794
792 213 215
795 213 792
790 215 217
792 215 790
786 217 219
788 217 786
790 217 788
784 219 222
786 219 784
781 221 224
784 222 782
805 224 226
805 781 224
803 226 228
805 226 803
799 228 230
801 228 799
803 228 801
799 230 797
262 234 231
757 233 235
759 252 232
264 262 231
759 232 756
262 236 234
754 235 237
757 235 754
260 238 236
752 237 239
262 260 236
754 237 752
748 239 241
750 239 748
752 239 750
746 241 244
748 241 746
743 243 246
746 244 744
767 246 248
767 743 246
765 248 250
767 248 765
761 250 252
763 250 761
765 250 763
761 252 759
835 255 257
837 274 254
837 254 834
832 257 259
835 257 832
830 259 261
832 259 830
826 261 263
828 261 826
830 261 828
824 263 266
826 263 824
821 265 268
824 266 822
845 268 270
845 821 268
843 270 272
845 270 843
839 272 274
841 272 839
843 272 841
839 274 837
286 278 275
438 277 279
288 286 275
347 288 275
435 348 276
437 435 276
283 280 278
820 279 282
286 283 278
814 438 279
820 814 279
825 282 813
823 820 282
825 823 282
753 284 287
747 734 284
749 747 284
751 749 284
753 751 284
740 287 290
755 287 740
755 753 287
347 291 288
722 289 292
740 290 723
344 293 291
725 292 295
347 344 291
725 722 292
398 296 293
717 294 297
400 293 344
400 398 293
718 294 717
727 295 719
727 725 295
396 299 296
706 297 300
398 396 296
694 297 692
706 692 297
717 297 694
396 301 299
706 300 303
370 304 301
522 302 305
373 370 301
396 373 301
525 302 522
705 302 525
368 306 304
522 305 308
370 368 304
394 309 306
477 307 310
366 363 306
394 306 363
368 366 306
522 308 479
391 311 309
480 310 312
394 391 309
480 477 310
419 313 311
482 312 314
419 311 391
482 480 312
417 315 313
486 314 316
419 417 313
484 482 314
486 484 314
354 317 315
488 316 318
356 354 315
415 356 315
417 415 315
488 486 316
349 319 317
490 318 320
352 349 317
354 352 317
490 488 318
361 321 319
492 320 322
361 319 349
492 490 320
413 323 321
494 322 324
359 356 321
413 321 356
361 359 321
494 492 322
411 325 323
496 324 326
413 411 323
496 494 324
406 327 325
496 326 328
409 406 325
411 409 325
404 329 327
473 328 330
406 404 327
496 328 473
382 331 329
475 330 333
384 382 329
404 384 329
475 473 330
377 334 331
465 332 335
380 377 331
382 380 331
475 333 466
402 336 334
468 335 338
402 334 377
468 465 335
402 339 336
440 337 340
456 337 440
468 338 457
400 341 339
440 340 342
402 400 339
400 344 341
422 342 346
440 342 422
435 345 348
433 421 345
435 433 345
1887 351 353
1884 362 350
1886 1884 350
1892 353 355
1890 1887 353
1892 1890 353
1892 355 358
1878 357 360
415 413 356
1892 358 1879
1884 360 362
1882 1878 360
1884 1882 360
1907 365 367
394 363 375
1904 376 364
1906 1904 364
1912 367 369
1910 1907 367
1912 1910 367
1912 369 372
1898 371 374
1912 372 1899
394 375 373
1904 374 376
396 394 373
1902 1898 374
1904 1902 374
1927 379 381
402 377 389
1924 390 378
1926 1924 378
1932 381 383
1930 1927 381
1932 1930 381
1932 383 386
404 387 384
1918 385 388
1932 386 1919
402 389 387
1924 388 390
404 402 387
1922 1918 388
1924 1922 388
1029 392 395
1042 420 393
1042 393 1030
1025 395 397
1027 395 1025
1029 395 1027
1023 397 399
1025 397 1023
1021 399 401
1023 399 1021
1021 401 403
1019 403 405
1021 403 1019
1017 405 407
1019 405 1017
1014 408 410
1017 407 1013
1034 410 412
1032 1014 410
1034 1032 410
1036 412 414
1036 1034 412
1038 414 416
1038 1036 414
1038 416 418
1040 418 420
1040 1038 418
1042 1040 420
431 423 421
440 422 424
433 431 421
428 425 423
440 424 426
431 428 423
818 427 429
441 440 426
449 441 426
454 449 426
818 455 427
819 430 432
819 432 434
817 434 436
819 434 817
815 436 439
817 436 815
463 440 441
458 456 440
461 458 440
463 461 440
449 444 441
460 443 445
464 443 460
449 446 444
460 445 447
520 460 447
454 451 449
818 453 455
831 813 453
833 453 818
833 831 453
468 457 459
464 460 462
470 468 459
520 472 460
478 467 469
606 476 467
635 467 478
609 606 467
611 609 467
613 611 467
633 613 467
635 633 467
521 469 471
521 478 469
523 471 518
523 521 471
601 474 476
599 497 474
601 599 474
604 601 476
606 604 476
577 478 481
577 575 478
635 478 575
582 481 483
579 577 481
582 579 481
584 483 485
584 582 483
591 485 487
587 584 485
589 587 485
591 589 485
593 487 489
593 591 487
493 489 491
495 489 493
595 489 495
595 593 489
597 495 497
597 595 495
599 597 497
513 501 498
666 500 502
515 513 498
523 515 498
526 523 498
665 527 499
510 503 501
513 510 501
677 666 502
508 506 503
510 508 503
523 518 515
693 690 524
705 525 691
695 693 524
697 695 524
700 697 524
702 700 524
668 527 665
628 532 529
866 531 533
628 529 621
863 622 530
865 863 530
623 534 532
1302 533 535
626 623 532
628 626 532
1302 866 533
663 536 534
1304 535 537
663 534 623
1304 1302 535
658 538 536
1306 537 539
660 658 536
663 660 536
1306 1304 537
656 540 538
1306 539 541
658 656 538
656 542 540
1308 541 543
1308 1306 541
550 544 542
1308 543 545
656 550 542
548 546 544
1310 545 547
550 548 544
1310 1308 545
1312 547 549
1312 1310 547
1312 549 551
654 552 550
1314 551 553
656 654 550
1314 1312 551
652 554 552
1314 553 555
654 652 552
652 556 554
1316 555 557
1316 1314 555
644 558 556
1318 557 559
647 644 556
649 647 556
652 649 556
1318 1316 557
642 560 558
1298 559 561
644 642 558
1318 559 1298
637 562 560
1300 561 564
639 637 560
642 639 560
1300 1298 561
637 565 562
921 563 566
1300 564 922
637 567 565
924 566 568
924 921 566
635 569 567
926 568 570
637 635 567
926 924 568
635 571 569
901 570 572
911 570 901
928 570 911
928 926 570
635 573 571
898 572 574
901 572 898
635 575 573
898 574 576
896 576 578
898 576 896
896 578 580
894 581 583
896 580 893
943 583 585
943 894 583
947 586 588
945 943 585
947 588 590
1011 590 592
1011 947 590
1009 592 594
1011 592 1009
1007 594 596
1009 594 1007
1005 596 598
1007 596 1005
1003 598 600
1005 598 1003
1001 600 603
1003 600 1001
930 602 605
1001 603 932
930 605 608
846 607 610
930 608 848
849 610 612
849 846 610
849 612 614
631 615 613
851 614 616
633 631 613
851 849 614
631 617 615
851 616 618
631 619 617
856 618 620
856 851 618
631 621 619
861 620 622
859 856 620
861 859 620
631 628 621
863 861 622
1475 624 627
1478 664 625
1478 625 1476
1491 627 629
1491 1475 627
1605 630 632
1604 1491 629
1602 632 634
1605 632 1602
1600 634 636
1602 634 1600
1598 636 638
1600 636 1598
1596 638 641
1598 638 1596
1593 640 643
1596 641 1594
1460 643 646
1462 643 1460
1593 643 1462
1457 645 648
1460 646 1458
1473 648 651
1473 1457 648
1583 650 653
1584 1473 651
1581 653 655
1583 653 1581
1579 655 657
1581 655 1579
1577 657 659
1579 657 1577
1575 659 662
1577 659 1575
1572 661 664
1575 662 1573
1480 664 1478
1572 664 1480
671 668 665
673 671 665
675 673 665
686 676 667
688 667 678
688 686 667
683 674 676
686 683 676
804 680 682
800 798 680
802 800 680
804 802 680
775 682 684
780 682 775
804 682 780
778 685 687
777 775 684
806 687 689
806 778 687
808 806 689
717 694 696
717 696 698
710 698 701
710 707 698
720 698 707
720 717 698
715 701 703
712 710 701
715 712 701
732 709 711
729 721 708
731 729 708
732 711 713
736 732 713
742 713 734
742 736 713
720 718 717
729 719 721
729 727 719
741 724 726
741 726 728
739 728 730
741 728 739
737 730 733
739 730 737
745 742 734
747 745 734
764 738 736
766 736 742
766 764 736
758 740 738
760 758 738
762 760 738
764 762 738
758 755 740
811 770 772
789 773 771
811 772 774
791 789 771
793 791 771
783 775 773
809 774 776
785 783 773
787 785 773
789 787 773
811 774 809
807 776 779
783 780 775
809 776 807
827 825 813
829 827 813
831 829 813
842 816 814
844 814 820
844 842 814
836 818 816
838 836 816
840 838 816
842 840 816
836 833 818
868 847 850
933 848 869
933 930 848
868 850 852
856 853 851
868 852 854
919 855 857
908 868 854
919 909 855
1376 858 860
1372 920 858
1374 1372 858
1376 1374 858
1352 860 862
1376 860 1352
1352 862 864
1354 864 867
1354 1352 864
1356 867 1303
1356 1354 867
908 870 868
935 869 871
935 933 869
908 873 870
1261 872 874
968 935 871
1259 969 872
1261 1259 872
908 875 873
1261 874 876
906 877 875
1261 876 879
908 906 875
904 880 877
1047 878 882
906 904 877
1245 878 1047
1261 879 1246
902 883 880
1044 881 884
904 902 880
902 885 883
1044 884 886
902 887 885
1048 886 889
1048 1044 886
902 890 887
948 888 891
1050 889 949
1050 1048 889
895 892 890
943 891 894
897 895 890
899 897 890
902 899 890
943 941 891
950 891 941
950 948 891
910 900 903
913 903 905
913 910 903
915 905 907
915 913 905
917 907 909
917 915 907
919 917 909
1368 912 914
1365 929 912
1368 1365 912
918 914 916
920 914 918
1372 914 920
1370 1368 914
1372 1370 914
1400 923 925
1398 1301 923
1400 1398 923
1400 925 927
1402 927 929
1402 1400 927
1402 929 1365
985 931 934
985 983 931
1000 931 983
988 934 936
988 985 934
962 937 935
990 936 938
964 962 935
966 964 935
968 966 935
990 988 936
954 939 937
994 938 940
957 954 937
959 957 937
962 959 937
992 990 938
994 992 938
952 941 939
996 940 942
954 952 939
996 994 940
998 942 944
952 950 941
998 996 942
998 944 946
998 946 970
1010 970 946
1050 949 951
1056 951 953
1056 1050 951
1059 953 955
1059 1056 953
1065 956 958
1061 1059 955
1065 1062 956
1065 958 960
1067 961 963
1250 963 965
1250 1067 963
1250 965 967
1252 967 969
1252 1250 967
1255 1252 969
1259 1255 969
1010 973 970
1031 972 974
1026 999 971
1028 1026 971
1008 975 973
1041 974 976
1010 1008 973
1043 1031 974
1043 974 1041
1006 977 975
1039 976 978
1008 1006 975
1041 976 1039
1006 979 977
1037 978 980
1039 978 1037
1004 981 979
1037 980 982
1006 1004 979
1002 983 981
1035 982 984
1004 1002 981
1037 982 1035
1033 984 987
1002 1000 983
1035 984 1033
1012 986 989
1033 987 1015
1018 989 991
1016 1012 989
1018 1016 989
1020 991 993
1020 1018 991
1022 993 995
1022 1020 993
1022 995 997
1024 997 999
1024 1022 997
1026 1024 999
1243 1046 1049
1244 1045 1242
1091 1049 1051
1095 1049 1091
1243 1049 1095
1056 1052 1050
1089 1051 1055
1091 1051 1089
1082 1053 1058
1084 1053 1082
1099 1054 1085
1099 1088 1054
1081 1057 1060
1086 1060 1064
1083 1081 1060
1086 1083 1060
1079 1063 1066
1079 1069 1063
1086 1064 1070
1251 1080 1068
1075 1071 1069
1086 1070 1072
1079 1075 1069
1106 1074 1076
1103 1087 1073
1105 1103 1073
1251 1078 1080
1108 1106 1076
1270 1110 1077
1271 1078 1251
1101 1085 1087
1101 1099 1085
1103 1101 1087
1099 1090 1088
1096 1092 1090
1099 1096 1090
1144 1093 1098
1238 1093 1144
1248 1094 1239
1248 1242 1094
1133 1097 1100
1143 1097 1133
1133 1100 1102
1133 1102 1104
1135 1104 1107
1135 1133 1104
1139 1107 1109
1139 1135 1107
1150 1139 1109
1270 1151 1110
1168 1114 1111
1182 1113 1116
1130 1127 1111
1155 1111 1127
1141 1130 1111
1178 1142 1112
1155 1152 1111
1172 1111 1152
1170 1168 1111
1172 1170 1111
1180 1178 1112
1125 1117 1114
1204 1115 1118
1127 1125 1114
1163 1127 1114
1166 1163 1114
1168 1166 1114
1205 1182 1116
1123 1119 1117
1202 1118 1120
1125 1123 1117
1204 1118 1202
1123 1121 1119
1200 1120 1122
1202 1120 1200
1198 1122 1124
1200 1122 1198
1196 1124 1126
1198 1124 1196
1194 1126 1129
1196 1126 1194
1191 1128 1132
1157 1155 1127
1159 1157 1127
1161 1159 1127
1163 1161 1127
1194 1129 1192
1141 1133 1130
1183 1131 1134
1191 1132 1185
1186 1134 1136
1143 1133 1141
1186 1183 1134
1139 1137 1135
1188 1136 1138
1188 1186 1136
1174 1138 1140
1188 1138 1174
1146 1141 1139
1176 1140 1142
1148 1146 1139
1150 1148 1139
1176 1174 1140
1146 1143 1141
1178 1176 1142
1241 1145 1147
1264 1147 1149
1266 1241 1147
1266 1147 1264
1267 1149 1151
1267 1264 1149
1270 1267 1151
1281 1154 1156
1277 1173 1153
1279 1277 1153
1295 1156 1158
1295 1281 1156
1293 1158 1160
1295 1158 1293
1293 1160 1162
1297 1162 1165
1297 1293 1162
1282 1164 1167
1297 1165 1284
1285 1167 1169
1285 1282 1167
1274 1169 1171
1285 1169 1274
1274 1171 1173
1277 1274 1173
1232 1175 1177
1232 1189 1175
1234 1177 1179
1234 1232 1177
1236 1179 1181
1236 1234 1179
1206 1181 1203
1236 1181 1206
1225 1184 1187
1222 1190 1184
1225 1222 1184
1230 1187 1189
1228 1225 1187
1230 1228 1187
1232 1230 1189
1220 1193 1190
1222 1220 1190
1218 1195 1193
1220 1218 1193
1216 1197 1195
1218 1216 1195
1216 1199 1197
1214 1201 1199
1216 1214 1199
1209 1203 1201
1212 1209 1201
1214 1212 1201
1209 1206 1203
1265 1249 1240
1248 1244 1242
1265 1247 1249
1265 1262 1247
1271 1251 1254
1272 1253 1258
1273 1271 1254
1263 1256 1260
1267 1257 1264
1272 1258 1268
1265 1260 1262
1265 1263 1260
1273 1269 1271
1287 1275 1278
1289 1286 1276
1287 1278 1280
1294 1287 1280
1289 1283 1286
1296 1283 1289
1294 1291 1287
1296 1289 1292
1456 1299 1301
1472 1319 1299
1472 1299 1456
1396 1394 1301
1461 1301 1394
1398 1396 1301
1459 1456 1301
1461 1459 1301
1358 1303 1305
1358 1356 1303
1474 1305 1307
1490 1358 1305
1490 1305 1474
1444 1307 1309
1330 1328 1307
1479 1307 1328
1332 1330 1307
1440 1332 1307
1442 1440 1307
1444 1442 1307
1477 1474 1307
1479 1477 1307
1313 1309 1311
1315 1309 1313
1448 1309 1315
1446 1444 1309
1448 1446 1309
1448 1315 1317
1420 1317 1319
1413 1411 1317
1450 1317 1411
1415 1413 1317
1417 1415 1317
1420 1417 1317
1450 1448 1317
1440 1319 1332
1472 1332 1319
1422 1420 1319
1424 1422 1319
1440 1424 1319
1488 1323 1320
1510 1322 1324
1490 1320 1358
1507 1359 1321
1490 1488 1320
1509 1507 1321
1483 1325 1323
1525 1324 1326
1486 1483 1323
1488 1486 1323
1523 1510 1324
1525 1523 1324
1481 1328 1325
1529 1327 1329
1483 1481 1325
1527 1525 1326
1685 1329 1331
1481 1479 1328
1687 1529 1329
1687 1329 1685
1683 1331 1333
1685 1331 1683
1472 1334 1332
1681 1333 1335
1683 1333 1681
1472 1336 1334
1679 1335 1337
1681 1335 1679
1470 1338 1336
1679 1337 1340
1472 1470 1336
1465 1341 1338
1514 1339 1342
1468 1465 1338
1470 1468 1338
1679 1340 1516
1394 1343 1341
1519 1342 1345
1463 1394 1341
1465 1463 1341
1517 1514 1342
1519 1517 1342
1392 1346 1343
1492 1344 1347
1394 1392 1343
1519 1345 1493
1390 1348 1346
1495 1347 1349
1392 1390 1346
1495 1492 1347
1381 1350 1348
1497 1349 1351
1383 1381 1348
1388 1383 1348
1390 1388 1348
1497 1495 1349
1378 1352 1350
1501 1351 1353
1381 1378 1350
1499 1497 1351
1501 1499 1351
1503 1353 1355
1378 1376 1352
1503 1501 1353
1503 1355 1357
1505 1357 1359
1505 1503 1357
1507 1505 1359
1402 1363 1360
1815 1361 1364
1818 1403 1362
1818 1362 1816
1402 1365 1363
1705 1364 1366
1815 1364 1705
1703 1367 1369
1705 1366 1702
1698 1369 1371
1700 1369 1698
1703 1369 1700
1696 1371 1373
1698 1371 1696
1694 1373 1375
1696 1373 1694
1692 1375 1377
1694 1375 1692
1692 1377 1380
1689 1379 1382
1692 1380 1690
1711 1382 1384
1713 1689 1382
1713 1382 1711
1388 1385 1383
1709 1384 1386
1711 1384 1709
1837 1387 1389
1709 1386 1707
1836 1707 1386
1834 1389 1391
1837 1389 1834
1832 1391 1393
1834 1391 1832
1830 1393 1395
1832 1393 1830
1828 1395 1397
1463 1461 1394
1830 1395 1828
1826 1397 1399
1828 1397 1826
1822 1399 1401
1824 1399 1822
1826 1399 1824
1820 1401 1403
1822 1401 1820
1820 1403 1818
1454 1407 1404
1763 1405 1408
1766 1455 1406
1766 1406 1764
1452 1409 1407
1737 1408 1410
1454 1452 1407
1739 1408 1737
1763 1408 1739
1450 1411 1409
1735 1410 1412
1452 1450 1409
1737 1410 1735
1733 1412 1414
1735 1412 1733
1731 1414 1416
1733 1414 1731
1731 1416 1418
1729 1419 1421
1731 1418 1728
1724 1421 1423
1726 1421 1724
1729 1421 1726
1722 1423 1425
1724 1423 1722
1438 1426 1424
1720 1425 1427
1440 1438 1424
1722 1425 1720
1438 1428 1426
1718 1427 1429
1720 1427 1718
1438 1430 1428
1718 1429 1432
1438 1433 1430
1715 1431 1434
1718 1432 1716
1438 1435 1433
1715 1434 1436
1789 1437 1439
1788 1715 1436
1784 1439 1441
1786 1439 1784
1789 1439 1786
1782 1441 1443
1784 1441 1782
1782 1443 1445
1780 1445 1447
1782 1445 1780
1774 1447 1449
1776 1447 1774
1778 1447 1776
1780 1447 1778
1772 1449 1451
1774 1449 1772
1770 1451 1453
1772 1451 1770
1768 1453 1455
1770 1453 1768
1768 1455 1766
1593 1462 1464
1591 1464 1467
1593 1464 1591
1588 1466 1469
1591 1467 1589
1586 1469 1471
1588 1469 1586
1584 1471 1473
1586 1471 1584
1572 1480 1482
1570 1482 1485
1572 1482 1570
1567 1484 1487
1570 1485 1568
1607 1487 1489
1607 1567 1487
1604 1489 1491
1607 1489 1604
1513 1494 1496
1519 1493 1512
1539 1496 1498
1513 1496 1511
1537 1511 1496
1539 1537 1496
1541 1498 1500
1541 1539 1498
1504 1500 1502
1548 1500 1504
1544 1541 1500
1546 1544 1500
1548 1546 1500
1550 1504 1506
1550 1548 1504
1530 1506 1508
1550 1506 1530
1537 1508 1511
1533 1530 1508
1535 1533 1508
1537 1535 1508
1521 1512 1510
1523 1521 1510
1521 1519 1512
1669 1515 1518
1669 1667 1515
1678 1515 1667
1669 1518 1520
1669 1520 1522
1603 1522 1524
1603 1564 1522
1636 1522 1564
1636 1634 1522
1669 1522 1634
1606 1524 1526
1606 1603 1524
1566 1526 1528
1606 1526 1566
1569 1566 1528
1571 1569 1528
1686 1571 1528
1565 1532 1534
1561 1551 1531
1563 1561 1531
1637 1534 1536
1637 1565 1534
1635 1536 1538
1637 1536 1635
1633 1538 1540
1635 1538 1633
1631 1540 1543
1633 1540 1631
1552 1542 1545
1631 1543 1554
1555 1545 1547
1555 1552 1545
1557 1547 1549
1557 1555 1547
1559 1549 1551
1559 1557 1549
1561 1559 1551
1674 1553 1556
1672 1630 1553
1674 1672 1553
1643 1556 1558
1643 1641 1556
1674 1556 1641
1601 1558 1560
1712 1558 1601
1708 1643 1558
1710 1708 1558
1712 1710 1558
1601 1560 1562
1601 1562 1564
1603 1601 1564
1613 1574 1571
1684 1613 1571
1686 1684 1571
1626 1576 1574
1611 1608 1574
1628 1574 1608
1613 1611 1574
1628 1626 1574
1626 1578 1576
1730 1580 1578
1624 1622 1578
1734 1578 1622
1626 1624 1578
1732 1730 1578
1734 1732 1578
1663 1582 1580
1723 1663 1580
1725 1723 1580
1727 1725 1580
1730 1727 1580
1660 1585 1582
1663 1660 1582
1660 1587 1585
1676 1590 1587
1676 1587 1660
1676 1592 1590
1647 1595 1592
1649 1647 1592
1652 1649 1592
1654 1652 1592
1656 1654 1592
1676 1656 1592
1697 1597 1595
1647 1645 1595
1704 1595 1645
1699 1697 1595
1701 1699 1595
1704 1701 1595
1695 1599 1597
1697 1695 1597
1688 1601 1599
1691 1688 1599
1693 1691 1599
1695 1693 1599
1712 1601 1688
1752 1610 1612
1749 1629 1609
1751 1749 1609
1754 1612 1614
1754 1752 1612
1684 1615 1613
1756 1614 1616
1756 1754 1614
1714 1617 1615
1758 1616 1618
1717 1615 1684
1717 1714 1615
1758 1756 1616
1736 1619 1617
1760 1618 1621
1738 1617 1714
1738 1736 1617
1760 1758 1618
1734 1622 1619
1740 1620 1623
1736 1734 1619
1760 1621 1741
1743 1623 1625
1743 1740 1623
1745 1625 1627
1745 1743 1625
1747 1627 1629
1747 1745 1627
1749 1747 1629
1672 1632 1630
1669 1634 1632
1672 1669 1632
1674 1641 1638
1804 1640 1642
1676 1638 1658
1801 1659 1639
1676 1674 1638
1803 1801 1639
1806 1642 1644
1806 1804 1642
1706 1645 1643
1808 1644 1646
1708 1706 1643
1808 1806 1644
1810 1646 1648
1706 1704 1645
1810 1808 1646
1812 1648 1651
1812 1810 1648
1792 1650 1653
1812 1651 1793
1795 1653 1655
1795 1792 1653
1797 1655 1657
1797 1795 1655
1676 1658 1656
1799 1657 1659
1799 1797 1657
1801 1799 1659
1851 1662 1664
1848 1677 1661
1850 1848 1661
1721 1665 1663
1856 1664 1666
1723 1721 1663
1854 1851 1664
1856 1854 1664
1682 1667 1665
1858 1666 1668
1719 1682 1665
1721 1719 1665
1858 1856 1666
1858 1668 1671
1680 1678 1667
1682 1680 1667
1840 1670 1673
1858 1671 1841
1846 1673 1675
1844 1840 1673
1846 1844 1673
1848 1675 1677
1848 1846 1675
1717 1684 1682
1719 1717 1682
1839 1705 1707
1839 1815 1705
1839 1707 1836
1791 1739 1715
1791 1715 1788
1791 1763 1739
1767 1742 1744
1762 1761 1742
1765 1762 1742
1767 1765 1742
1769 1744 1746
1769 1767 1744
1773 1746 1748
1773 1769 1746
1775 1748 1750
1775 1773 1748
1777 1750 1753
1777 1775 1750
1779 1753 1755
1779 1777 1753
1781 1755 1757
1781 1779 1755
1785 1757 1759
1785 1781 1757
1787 1759 1761
1787 1785 1759
1790 1761 1762
1790 1787 1761
1773 1771 1769
1785 1783 1781
1821 1794 1796
1819 1813 1794
1821 1819 1794
1825 1796 1798
1823 1821 1796
1825 1823 1796
1829 1798 1800
1829 1825 1798
1829 1800 1802
1829 1802 1805
1831 1805 1807
1831 1829 1805
1835 1807 1809
1833 1831 1807
1835 1833 1807
1819 1809 1811
1838 1809 1819
1838 1835 1809
1819 1811 1813
1819 1817 1814
1838 1819 1814
1829 1827 1825
1871 1843 1845
1867 1859 1842
1869 1867 1842
1875 1845 1847
1877 1871 1845
1877 1845 1875
1873 1847 1849
1875 1847 1873
1873 1849 1853
1860 1852 1855
1873 1853 1862
1865 1855 1857
1863 1860 1855
1865 1863 1855
1867 1857 1859
1867 1865 1857
1872 1861 1864
1872 1864 1866
1874 1866 1868
1874 1872 1866
1876 1868 1870
1876 1874 1868
1896 1881 1883
1894 1893 1880
1896 1883 1885
1896 1885 1889
1894 1888 1891
1894 1891 1893
1916 1901 1903
1914 1913 1900
1916 1903 1905
1916 1905 1909
1914 1908 1911
1914 1911 1913
1936 1921 1923
1934 1933 1920
1936 1923 1925
1936 1925 1929
1934 1928 1931
1934 1931 1933
1950 1941 1938
1963 1940 1942
1958 1951 1939
1960 1958 1939
1948 1943 1941
1987 1942 1944
1950 1948 1941
1987 1963 1942
1948 1945 1943
1985 1944 1947
1987 1944 1985
1952 1946 1949
1985 1947 1955
1956 1949 1951
1956 1952 1949
1958 1956 1951
1964 1953 1957
1982 1954 1965
1984 1954 1982
1970 1957 1959
1966 1964 1957
1970 1966 1957
1972 1959 1961
1972 1970 1959
1978 1972 1961
1986 1979 1962
1982 1965 1967
1999 1969 1971
1993 1983 1968
1998 1993 1968
2003 1971 1973
1999 1971 1997
2005 1997 1971
2005 1971 2003
1978 1974 1972
2003 1973 1977
1986 1975 1979
1986 1980 1975
2000 1976 1981
2003 1977 2001
1984 1982 1980
1993 1981 1983
1986 1984 1980
1991 1988 1981
2000 1981 1988
1993 1991 1981
2002 1989 1992
2003 2001 1990
2002 1992 1994
1998 1995 1993
2004 1994 1996
2004 2002 1994
2018 2009 2006
2031 2008 2010
2026 2019 2007
2028 2026 2007
2016 2011 2009
2055 2010 2012
2018 2016 2009
2055 2031 2010
2016 2013 2011
2053 2012 2015
2055 2012 2053
2020 2014 2017
2053 2015 2023
2024 2017 2019
2024 2020 2017
2026 2024 2019
2032 2021 2025
2050 2022 2033
2052 2022 2050
2038 2025 2027
2034 2032 2025
2038 2034 2025
2040 2027 2029
2040 2038 2027
2046 2040 2029
2054 2047 2030
2050 2033 2035
2067 2037 2039
2061 2051 2036
2066 2061 2036
2071 2039 2041
2067 2039 2065
2073 2065 2039
2073 2039 2071
2046 2042 2040
2071 2041 2045
2054 2043 2047
2054 2048 2043
2068 2044 2049
2071 2045 2069
2052 2050 2048
2061 2049 2051
2054 2052 2048
2059 2056 2049
2068 2049 2056
2061 2059 2049
2070 2057 2060
2071 2069 2058
2070 2060 2062
2066 2063 2061
2072 2062 2064
2072 2070 2062
2086 2077 2074
2099 2076 2078
2094 2087 2075
2096 2094 2075
2084 2079 2077
2123 2078 2080
2086 2084 2077
2123 2099 2078
2084 2081 2079
2121 2080 2083
2123 2080 2121
2088 2082 2085
2121 2083 2091
2092 2085 2087
2092 2088 2085
2094 2092 2087
2100 2089 2093
2118 2090 2101
2120 2090 2118
2106 2093 2095
2102 2100 2093
2106 2102 2093
2108 2095 2097
2108 2106 2095
2114 2108 2097
2122 2115 2098
2118 2101 2103
2135 2105 2107
2129 2119 2104
2134 2129 2104
2139 2107 2109
2135 2107 2133
2141 2133 2107
2141 2107 2139
2114 2110 2108
2139 2109 2113
2122 2111 2115
2122 2116 2111
2136 2112 2117
2139 2113 2137
2120 2118 2116
2129 2117 2119
2122 2120 2116
2127 2124 2117
2136 2117 2124
2129 2127 2117
2138 2125 2128
2139 2137 2126
2138 2128 2130
2134 2131 2129
2140 2130 2132
2140 2138 2130
2154 2145 2142
2167 2144 2146
2162 2155 2143
2164 2162 2143
2152 2147 2145
2191 2146 2148
2154 2152 2145
2191 2167 2146
2152 2149 2147
2189 2148 2151
2191 2148 2189
2156 2150 2153
2189 2151 2159
2160 2153 2155
2160 2156 2153
2162 2160 2155
2168 2157 2161
2186 2158 2169
2188 2158 2186
2174 2161 2163
2170 2168 2161
2174 2170 2161
2176 2163 2165
2176 2174 2163
2182 2176 2165
2190 2183 2166
2186 2169 2171
2203 2173 2175
2197 2187 2172
2202 2197 2172
2207 2175 2177
2203 2175 2201
2209 2201 2175
2209 2175 2207
2182 2178 2176
2207 2177 2181
2190 2179 2183
2190 2184 2179
2204 2180 2185
2207 2181 2205
2188 2186 2184
2197 2185 2187
2190 2188 2184
2195 2192 2185
2204 2185 2192
2197 2195 2185
2206 2193 2196
2207 2205 2194
2206 2196 2198
2202 2199 2197
2208 2198 2200
2208 2206 2198
2265 2213 2210
2298 2212 2214
2267 2265 2210
2288 2267 2210
2291 2288 2210
2304 2292 2211
2306 2211 2297
2306 2304 2211
2265 2215 2213
2319 2214 2216
2319 2298 2214
2262 2217 2215
2319 2216 2218
2265 2262 2215
2259 2220 2217
2340 2219 2221
2262 2259 2217
2321 2319 2218
2340 2323 2219
2257 2223 2220
2341 2222 2224
2259 2257 2220
2257 2225 2223
2605 2224 2226
2605 2341 2224
2255 2227 2225
2605 2226 2229
2257 2255 2225
2255 2230 2227
2599 2228 2232
2583 2228 2573
2590 2573 2228
2605 2229 2584
2592 2590 2228
2594 2592 2228
2596 2594 2228
2599 2596 2228
2255 2233 2230
2570 2231 2235
2572 2231 2570
2601 2232 2573
2601 2599 2232
2253 2236 2233
2559 2234 2238
2255 2253 2233
2569 2234 2559
2242 2239 2236
2545 2237 2241
2245 2242 2236
2253 2245 2236
2558 2237 2545
2540 2240 2244
2555 2240 2540
2547 2544 2240
2550 2547 2240
2552 2550 2240
2555 2552 2240
2539 2243 2246
2250 2247 2245
2542 2246 2249
2253 2250 2245
2542 2539 2246
2532 2248 2252
2525 2511 2248
2542 2249 2512
2528 2525 2248
2530 2528 2248
2532 2530 2248
2501 2251 2254
2532 2252 2502
2505 2254 2256
2505 2501 2254
2507 2256 2258
2507 2505 2256
2509 2258 2261
2509 2507 2258
2474 2260 2264
2482 2260 2474
2509 2261 2483
2473 2263 2266
2476 2266 2268
2476 2473 2266
2288 2269 2267
2478 2268 2270
2478 2476 2268
2274 2271 2269
2480 2270 2273
2277 2274 2269
2288 2277 2269
2480 2478 2270
2466 2272 2276
2452 2272 2440
2457 2440 2272
2448 2444 2272
2480 2273 2445
2452 2448 2272
2459 2457 2272
2462 2459 2272
2464 2462 2272
2466 2464 2272
2439 2275 2278
2468 2276 2440
2468 2466 2276
2285 2279 2277
2442 2278 2281
2288 2285 2277
2442 2439 2278
2285 2282 2279
2396 2280 2284
2428 2280 2396
2442 2281 2429
2421 2283 2287
2421 2395 2283
2413 2286 2290
2420 2286 2413
2296 2289 2293
2412 2289 2296
2315 2294 2292
2304 2301 2292
2317 2292 2301
2317 2315 2292
2310 2297 2294
2386 2295 2300
2313 2310 2294
2315 2313 2294
2415 2296 2387
2415 2412 2296
2308 2306 2297
2310 2308 2297
2329 2299 2320
2386 2300 2332
2844 2302 2305
2847 2318 2303
2847 2303 2845
2840 2305 2307
2842 2305 2840
2844 2305 2842
2837 2307 2309
2840 2307 2837
2837 2309 2311
2835 2312 2314
2837 2311 2834
2830 2314 2316
2832 2314 2830
2835 2314 2832
2847 2316 2318
2847 2830 2316
2333 2320 2322
2333 2329 2320
2333 2322 2324
2335 2325 2323
2340 2335 2323
2384 2334 2327
2347 2326 2336
2349 2326 2347
2384 2327 2350
2372 2331 2334
2374 2330 2371
2391 2332 2375
2389 2386 2332
2391 2389 2332
2385 2372 2334
2385 2334 2384
2606 2337 2342
2640 2348 2338
2611 2337 2606
2640 2338 2612
2349 2347 2343
2631 2346 2348
2351 2349 2343
2355 2352 2344
2358 2355 2344
2360 2358 2344
2363 2360 2344
2366 2363 2344
2368 2366 2344
2630 2369 2345
2641 2631 2348
2641 2348 2640
2385 2350 2354
2385 2384 2350
2382 2353 2356
2382 2371 2353
2385 2354 2372
2362 2357 2359
2680 2357 2362
2680 2383 2357
2663 2361 2365
2679 2361 2663
2644 2364 2367
2662 2364 2644
2644 2367 2370
2633 2369 2630
2644 2370 2634
2377 2374 2371
2379 2377 2371
2382 2379 2371
2696 2376 2378
2409 2391 2375
2696 2410 2376
2686 2378 2380
2696 2378 2686
2686 2380 2383
2682 2383 2680
2686 2383 2682
2424 2388 2390
2418 2415 2387
2424 2419 2388
2424 2390 2393
2400 2394 2391
2423 2392 2395
2403 2400 2391
2405 2403 2391
2407 2405 2391
2409 2407 2391
2400 2397 2394
2437 2396 2398
2425 2395 2421
2425 2423 2395
2431 2428 2396
2434 2431 2396
2437 2434 2396
2691 2399 2401
2691 2438 2399
2690 2401 2404
2694 2401 2690
2694 2691 2401
2690 2404 2406
2689 2406 2408
2690 2406 2689
2689 2408 2410
2696 2689 2410
2422 2414 2417
2426 2416 2419
2427 2422 2417
2426 2419 2424
2714 2430 2432
2714 2443 2430
2693 2432 2436
2714 2432 2693
2691 2435 2438
2453 2441 2443
2457 2455 2440
2471 2440 2455
2471 2468 2440
2715 2453 2443
2715 2443 2714
2705 2446 2451
2717 2481 2447
2716 2446 2705
2715 2450 2453
2694 2449 2691
2715 2693 2450
2704 2449 2694
2833 2456 2458
2831 2472 2456
2833 2831 2456
2836 2458 2460
2836 2833 2458
2839 2461 2463
2838 2836 2460
2841 2463 2465
2841 2839 2463
2843 2465 2467
2843 2841 2465
2846 2467 2470
2846 2843 2467
2828 2469 2472
2846 2470 2829
2831 2828 2472
2499 2475 2477
2498 2482 2474
2723 2477 2479
2723 2499 2477
2724 2479 2481
2724 2723 2479
2724 2481 2717
2498 2485 2482
2788 2484 2486
2788 2510 2484
2493 2488 2485
2775 2486 2492
2498 2493 2485
2788 2486 2775
2741 2489 2497
2761 2489 2741
2765 2490 2762
2774 2490 2765
2725 2494 2499
2731 2495 2726
2740 2495 2731
2725 2499 2723
2786 2504 2506
2514 2511 2502
2521 2502 2511
2517 2514 2502
2785 2519 2503
2537 2502 2521
2534 2532 2502
2537 2534 2502
2789 2506 2508
2789 2786 2506
2788 2508 2510
2789 2508 2788
2807 2513 2515
2523 2521 2511
2525 2523 2511
2807 2543 2513
2659 2515 2520
2807 2515 2659
2677 2657 2518
2785 2678 2519
2820 2522 2524
2822 2538 2522
2822 2522 2820
2817 2524 2526
2820 2524 2817
2815 2527 2529
2817 2526 2814
2812 2529 2531
2815 2529 2812
2810 2531 2533
2812 2531 2810
2827 2533 2536
2827 2810 2533
2824 2535 2538
2827 2536 2825
2824 2538 2822
2556 2541 2543
2806 2556 2543
2807 2806 2543
2625 2546 2548
2561 2558 2545
2566 2561 2545
2616 2567 2546
2619 2616 2546
2621 2619 2546
2623 2621 2546
2625 2623 2546
2656 2549 2551
2656 2626 2549
2656 2551 2553
2806 2554 2556
2660 2656 2553
2806 2661 2554
2582 2560 2563
2582 2571 2560
2566 2564 2561
2581 2562 2565
2577 2565 2568
2579 2565 2577
2581 2565 2579
2629 2577 2568
2613 2608 2567
2628 2567 2608
2616 2613 2567
2580 2572 2570
2578 2575 2572
2586 2574 2576
2580 2578 2572
2590 2587 2573
2603 2573 2587
2603 2601 2573
2608 2586 2576
2628 2608 2576
2611 2606 2585
2611 2585 2607
2819 2589 2591
2816 2604 2588
2818 2816 2588
2823 2591 2593
2821 2819 2591
2823 2821 2591
2826 2593 2595
2826 2823 2593
2826 2595 2598
2808 2597 2600
2826 2598 2809
2813 2600 2602
2811 2808 2600
2813 2811 2600
2816 2602 2604
2816 2813 2602
2641 2612 2610
2638 2609 2614
2635 2630 2609
2641 2610 2631
2638 2635 2609
2641 2640 2612
2651 2615 2617
2651 2639 2615
2643 2617 2620
2654 2617 2643
2654 2651 2617
2643 2620 2622
2642 2622 2624
2643 2622 2642
2642 2624 2626
2656 2642 2626
2635 2633 2630
2644 2634 2636
2651 2636 2639
2647 2644 2636
2649 2647 2636
2651 2649 2636
2655 2643 2642
2656 2655 2642
2655 2654 2643
2790 2646 2648
2664 2662 2644
2790 2666 2646
2791 2648 2650
2791 2790 2648
2791 2650 2653
2669 2651 2654
2781 2653 2672
2783 2653 2781
2791 2653 2783
2673 2654 2655
2673 2669 2654
2675 2655 2656
2675 2673 2655
2660 2657 2656
2677 2656 2657
2677 2675 2656
2807 2659 2661
2807 2661 2806
2679 2663 2665
2681 2679 2665
2793 2683 2668
2792 2666 2790
2772 2671 2674
2771 2769 2670
2780 2670 2769
2772 2674 2676
2785 2676 2678
2785 2772 2676
2804 2688 2684
2798 2683 2793
2804 2684 2799
2702 2696 2686
2805 2703 2688
2805 2688 2804
2695 2690 2689
2696 2695 2689
2695 2694 2690
2715 2714 2693
2706 2694 2695
2706 2704 2694
2708 2695 2696
2708 2706 2695
2700 2697 2696
2708 2696 2697
2702 2700 2696
2749 2699 2701
2710 2708 2697
2752 2713 2699
2752 2699 2749
2805 2701 2703
2805 2749 2701
2716 2705 2707
2716 2707 2709
2716 2709 2711
2719 2716 2711
2751 2722 2712
2724 2717 2720
2729 2724 2720
2733 2730 2721
2751 2735 2722
2727 2723 2724
2727 2725 2723
2729 2727 2724
2731 2726 2728
2732 2728 2730
2732 2731 2728
2733 2732 2730
2742 2731 2732
2742 2740 2731
2736 2732 2733
2742 2732 2736
2744 2737 2735
2748 2744 2735
2751 2748 2735
2763 2743 2739
2757 2738 2745
2757 2753 2738
2763 2739 2754
2761 2741 2743
2763 2761 2743
2805 2747 2749
2802 2760 2746
2805 2803 2747
2782 2756 2758
2766 2764 2755
2767 2766 2755
2782 2769 2756
2796 2783 2759
2802 2797 2760
2765 2762 2764
2766 2765 2764
2774 2765 2766
2776 2766 2767
2776 2774 2766
2778 2767 2770
2778 2776 2767
2782 2780 2769
2789 2779 2773
2789 2773 2786
2788 2775 2777
2789 2777 2779
2789 2788 2777
2796 2791 2783
2794 2790 2791
2794 2792 2790
2796 2794 2791
2800 2793 2795
2800 2798 2793
2802 2795 2797
2802 2800 2795
2804 2799 2801
2805 2801 2803
2805 2804 2801
2854 2851 2848
2906 2850 2853
2870 2854 2848
2889 2871 2849
2891 2889 2849
2906 2892 2850
2905 2852 2855
2870 2856 2854
2908 2855 2857
2908 2905 2855
2868 2858 2856
2910 2857 2859
2870 2868 2856
2910 2908 2857
2863 2860 2858
2912 2859 2862
2866 2863 2858
2868 2866 2858
2912 2910 2859
2873 2861 2865
2894 2861 2873
2914 2862 2895
2914 2912 2862
2882 2864 2867
2880 2872 2864
2882 2880 2864
2885 2867 2869
2885 2882 2867
2887 2869 2871
2887 2885 2869
2889 2887 2871
2877 2874 2872
2894 2873 2875
2880 2877 2872
2903 2876 2879
2896 2894 2875
2902 2896 2875
2920 2878 2881
2923 2903 2879
2925 2878 2920
2925 2922 2878
2918 2881 2884
2920 2881 2918
2915 2883 2886
2918 2884 2916
2913 2886 2888
2915 2886 2913
2911 2888 2890
2913 2888 2911
2909 2890 2893
2911 2890 2909
2909 2893 2907
2917 2895 2897
2917 2914 2895
2902 2899 2896
2927 2898 2901
2919 2917 2897
2927 2921 2898
2924 2900 2904
2926 2900 2924
2939 2931 2928
3023 2929 2932
2941 2939 2928
2995 2943 2930
3020 2993 2929
3023 3020 2929
2936 2933 2931
3023 2932 2934
2939 2936 2931
3100 2935 2938
3023 2934 2990
3100 2992 2935
3135 2937 2940
3098 2937 3050
3135 3050 2937
3135 2940 2942
3097 2943 2995
3138 2942 3095
3138 3135 2942
3025 2947 2944
3052 2945 2948
3028 2944 2980
3086 2981 2946
3028 3025 2944
3086 2946 3054
2985 2950 2947
3051 2949 2952
2988 2985 2947
2990 2988 2947
3025 2990 2947
3052 2948 3049
3012 2953 2950
3083 2951 2955
2985 2982 2950
3004 2950 2982
3001 2998 2950
3017 2950 2998
3004 3001 2950
3015 3012 2950
3017 3015 2950
3084 3051 2952
3009 2956 2953
3080 2954 2957
3012 3009 2953
3083 2955 3081
3006 2958 2956
3078 2957 2960
3009 3006 2956
3080 2957 3078
3006 2961 2958
3075 2959 2963
3078 2960 3076
3044 2964 2961
3072 2962 2965
3047 2961 3006
3047 3044 2961
3075 2963 3073
2969 2966 2964
3070 2965 2968
2972 2969 2964
3044 2972 2964
3072 2965 3070
3067 2967 2971
3070 2968 3068
3064 2970 2973
3067 2971 3065
3039 2974 2972
3062 2973 2976
3041 3039 2972
3044 3041 2972
3064 2973 3062
3036 2977 2974
3059 2975 2979
3039 3036 2974
3062 2976 3060
3033 2980 2977
3056 2978 2981
3036 3033 2977
3059 2979 3057
3031 3028 2980
3033 3031 2980
3086 3056 2981
3108 2984 2986
3110 3005 2983
3110 2983 3107
3105 2987 2989
3108 2986 3104
3102 2989 2991
3105 2989 3102
3025 3023 2990
3102 2991 3099
3017 2996 2993
3096 2994 2997
3020 3017 2993
3017 2998 2996
3094 2997 3000
3096 2997 3094
3091 2999 3003
3094 3000 3092
3088 3002 3005
3091 3003 3089
3110 3088 3005
3151 3008 3011
3153 3048 3007
3153 3007 3150
3147 3010 3014
3151 3011 3148
3144 3013 3016
3147 3014 3145
3142 3016 3019
3144 3016 3142
3139 3018 3022
3142 3019 3140
3136 3021 3024
3139 3022 3137
3134 3024 3027
3136 3024 3134
3131 3026 3030
3134 3027 3132
3128 3029 3032
3131 3030 3129
3126 3032 3035
3128 3032 3126
3123 3034 3038
3126 3035 3124
3120 3037 3040
3123 3038 3121
3118 3040 3043
3120 3040 3118
3115 3042 3046
3118 3043 3116
3112 3045 3048
3115 3046 3113
3153 3112 3048
3127 3053 3050
3106 3050 3082
3101 3098 3050
3103 3101 3050
3106 3103 3050
3130 3127 3050
3133 3130 3050
3135 3133 3050
3122 3085 3053
3125 3122 3053
3127 3125 3053
3119 3058 3055
3119 3055 3085
3114 3061 3058
3117 3114 3058
3119 3117 3058
3066 3063 3061
3069 3066 3061
3114 3069 3061
3152 3071 3069
3114 3111 3069
3152 3069 3111
3149 3074 3071
3152 3149 3071
3146 3077 3074
3149 3146 3074
3146 3079 3077
3143 3082 3079
3146 3143 3079
3109 3082 3087
3143 3087 3082
3109 3106 3082
3122 3119 3085
3141 3090 3087
3143 3141 3087
3141 3093 3090
3141 3095 3093
3141 3138 3095
3163 3157 3154
3180 3156 3158
3166 3164 3155
3169 3166 3155
3171 3169 3155
3174 3171 3155
3177 3174 3155
3179 3177 3155
3163 3159 3157
3182 3158 3160
3182 3180 3158
3163 3161 3159
3184 3160 3162
3184 3182 3160
3184 3162 3165
3184 3165 3167
3170 3172 3199
3199 3168 3170
3199 3185 3168
3212 3173 3176
3208 3199 3172
3210 3209 3173
3212 3210 3173
3183 3175 3178
3195 3175 3183
3191 3186 3175
3215 3176 3187
3195 3191 3175
3215 3212 3176
3183 3178 3181
3197 3183 3185
3197 3195 3183
3199 3197 3185
3191 3188 3186
3218 3187 3189
3218 3215 3187
3238 3190 3192
3238 3219 3190
3262 3194 3196
3259 3239 3193
3261 3259 3193
3264 3196 3198
3264 3262 3196
3266 3198 3200
3266 3264 3198
3205 3201 3199
3268 3200 3204
3208 3205 3199
3268 3266 3200
3211 3202 3207
3213 3202 3211
3234 3202 3213
3252 3203 3235
3268 3204 3253
3210 3206 3209
3243 3214 3217
3232 3227 3213
3234 3213 3227
3243 3233 3214
3238 3216 3219
3220 3216 3238
3243 3217 3221
3238 3222 3220
3243 3221 3223
3238 3225 3222
3242 3224 3226
3243 3223 3240
3236 3227 3225
3249 3226 3228
3238 3236 3225
3251 3242 3226
3251 3226 3249
3232 3229 3227
3247 3228 3231
3236 3234 3227
3249 3228 3247
3243 3230 3233
3247 3231 3245
3255 3235 3237
3255 3252 3235
3257 3237 3239
3257 3255 3237
3259 3257 3239
3246 3244 3241
3248 3246 3241
3250 3248 3241
3263 3254 3256
3265 3254 3263
3269 3254 3265
3260 3256 3258
3263 3256 3260
3269 3265 3267
3279 3273 3270
3296 3272 3274
3282 3280 3271
3285 3282 3271
3287 3285 3271
3290 3287 3271
3293 3290 3271
3295 3293 3271
3279 3275 3273
3298 3274 3276
3298 3296 3274
3279 3277 3275
3300 3276 3278
3300 3298 3276
3300 3278 3281
3300 3281 3283
3286 3288 3315
3315 3284 3286
3315 3301 3284
3328 3289 3292
3324 3315 3288
3326 3325 3289
3328 3326 3289
3299 3291 3294
3311 3291 3299
3307 3302 3291
3331 3292 3303
3311 3307 3291
3331 3328 3292
3299 3294 3297
3313 3299 3301
3313 3311 3299
3315 3313 3301
3307 3304 3302
3334 3303 3305
3334 3331 3303
3354 3306 3308
3354 3335 3306
3378 3310 3312
3375 3355 3309
3377 3375 3309
3380 3312 3314
3380 3378 3312
3382 3314 3316
3382 3380 3314
3321 3317 3315
3384 3316 3320
3324 3321 3315
3384 3382 3316
3327 3318 3323
3329 3318 3327
3350 3318 3329
3368 3319 3351
3384 3320 3369
3326 3322 3325
3359 3330 3333
3348 3343 3329
3350 3329 3343
3359 3349 3330
3354 3332 3335
3336 3332 3354
3359 3333 3337
3354 3338 3336
3359 3337 3339
3354 3341 3338
3358 3340 3342
3359 3339 3356
3352 3343 3341
3365 3342 3344
3354 3352 3341
3367 3358 3342
3367 3342 3365
3348 3345 3343
3363 3344 3347
3352 3350 3343
3365 3344 3363
3359 3346 3349
3363 3347 3361
3371 3351 3353
3371 3368 3351
3373 3353 3355
3373 3371 3353
3375 3373 3355
3362 3360 3357
3364 3362 3357
3366 3364 3357
3379 3370 3372
3381 3370 3379
3385 3370 3381
3376 3372 3374
3379 3372 3376
3385 3381 3383
