11.000000 148.112419 -13.828949 0.000000 0.180817 -0.983517
11.000000 148.112419 -13.828949 0.000000 0.180817 -0.983517
11.000000 148.112419 -13.828949 0.000000 0.180817 -0.983517
11.000000 148.112419 -13.828949 0.000000 0.180817 -0.983517
11.000000 145.419834 -14.260964 0.000000 0.135941 -0.990717
11.000000 145.419834 -14.260964 0.000000 0.135941 -0.990717
11.000000 142.710399 -14.570184 0.000000 0.090783 -0.995871
11.000000 142.710399 -14.570184 0.000000 0.090783 -0.995871
11.000000 142.710399 -14.570184 0.000000 0.090783 -0.995871
11.500000 142.698236 -14.436763 0.500000 0.078621 -0.862449
11.866025 142.665007 -14.072249 0.866025 0.045392 -0.497935
12.000000 142.619601 -13.574228 1.000000 0.000000 -0.000000
12.000000 142.619601 -13.574228 1.000000 0.000000 -0.000000
12.000000 142.619601 -13.574228 1.000000 0.000000 0.000000
12.000000 147.931807 -12.846484 1.000000 0.000000 -0.000000
12.000000 147.931807 -12.846484 1.000000 0.000000 -0.000000
12.000000 147.931807 -12.846484 1.000000 0.000000 0.000000
11.707107 148.059459 -13.540884 0.707107 0.127857 -0.695451
11.707107 148.059459 -13.540884 0.707107 0.127857 -0.695451
11.000000 137.263394 -14.817945 0.000000 -0.000000 -1.000000
11.000000 137.263394 -14.817945 0.000000 -0.000000 -1.000000
11.000000 137.263394 -14.817945 0.000000 0.000000 -1.000000
11.000000 137.263394 -14.817945 0.000000 -0.000000 -1.000000
11.382683 137.263394 -14.741824 0.382683 -0.000000 -0.923880
11.382683 137.263394 -14.741824 0.382683 -0.000000 -0.923880
11.707107 137.263394 -14.525052 0.707107 -0.000000 -0.707107
11.707107 137.263394 -14.525052 0.707107 -0.000000 -0.707107
11.923880 137.263394 -14.200628 0.923880 -0.000000 -0.382683
11.923880 137.263394 -14.200628 0.923880 -0.000000 -0.382683
12.000000 137.263394 -13.817945 1.000000 -0.000000 -0.000000
12.000000 137.263394 -13.817945 1.000000 0.000000 0.000000
12.000000 137.263394 -13.817945 1.000000 -0.000000 -0.000000
11.000000 139.989712 -14.755973 0.000000 0.045439 -0.998967
11.000000 139.989712 -14.755973 0.000000 0.045439 -0.998967
12.000000 148.231475 -12.789363 1.000000 0.000000 -0.000000
12.000000 148.231475 -12.789363 1.000000 0.000000 0.000000
12.000000 148.531025 -12.731588 1.000000 -0.000000 0.000000
12.000000 148.531025 -12.731588 1.000000 0.000000 0.000000
12.000000 149.325652 -12.572071 1.000000 -0.000000 0.000000
12.000000 149.325652 -12.572071 1.000000 0.000000 0.000000
12.000000 150.117943 -12.401306 1.000000 -0.000000 0.000000
12.000000 150.117943 -12.401306 1.000000 0.000000 0.000000
12.000000 150.117943 -12.401306 1.000000 -0.000000 0.000001
12.000000 150.117943 -12.401306 1.000000 -0.000000 -0.000000
11.708079 150.271355 -13.090574 0.708079 0.153412 -0.689267
11.708079 150.271355 -13.090574 0.707877 0.153456 -0.689465
11.000000 150.335153 -13.377431 0.000000 0.217256 -0.976115
11.000000 150.335153 -13.377431 0.000000 0.217255 -0.976115
11.000000 150.335153 -13.377431 -0.000004 0.217256 -0.976115
11.000000 149.225911 -13.613517 0.000000 0.199071 -0.979985
11.000000 149.225911 -13.613517 0.000000 0.199071 -0.979985
12.000000 123.488891 -13.817945 1.000000 0.000000 0.000000
12.000000 123.488891 -13.817945 1.000000 -0.000000 -0.000000
12.000000 123.488891 -13.817945 1.000000 -0.000000 -0.000000
12.000000 123.488891 -13.817945 1.000000 0.000000 0.000000
12.000000 122.716114 -9.842355 1.000000 0.000000 0.000000
12.000000 122.716114 -9.842355 0.000000 -0.190809 0.981627
12.000000 122.716114 -9.842355 1.000000 -0.000000 -0.000000
12.000000 148.640995 -4.803068 1.000000 0.000000 0.000000
12.000000 148.640995 -4.803068 1.000000 -0.000000 -0.000000
12.000000 148.640995 -4.803068 0.000000 -0.190809 0.981627
11.000000 123.488891 -14.817945 0.000000 -0.000000 -1.000000
11.000000 123.488891 -14.817945 0.000000 0.000000 -1.000000
11.000000 123.488891 -14.817945 0.000000 -0.000000 -1.000000
11.000000 123.488891 -14.817945 0.000000 0.000000 -1.000000
11.373408 123.488891 -14.745612 0.373408 -0.000000 -0.927667
11.373408 123.488891 -14.745612 0.372811 0.000448 -0.927907
11.393578 123.488891 -14.737236 0.394056 -0.000000 -0.919086
11.393578 123.488891 -14.737236 0.391993 0.004332 -0.919958
11.393578 123.488891 -14.737236 0.391993 0.004332 -0.919958
11.707107 123.488891 -14.525052 0.707107 -0.000000 -0.707107
11.707107 123.488891 -14.525052 0.707107 0.000000 -0.707107
11.923735 123.488891 -14.200977 0.923735 -0.000000 -0.383032
11.923735 123.488891 -14.200977 0.923738 -0.000118 -0.383026
-11.000000 137.263394 -14.817945 0.000000 0.000000 -1.000000
-11.000000 137.263394 -14.817945 0.000000 -0.000000 -1.000000
-11.000000 137.263394 -14.817945 0.000000 -0.000000 -1.000000
-11.000000 137.263394 -14.817945 0.000000 -0.000000 -1.000000
-11.000000 123.488891 -14.817945 0.000000 0.000000 -1.000000
-11.000000 123.488891 -14.817945 0.000000 0.000000 -1.000000
-11.000000 123.488891 -14.817945 -0.000000 0.000000 -1.000000
-11.000000 123.488891 -14.817945 0.000000 -0.000000 -1.000000
-11.000000 142.710399 -14.570184 0.000000 0.090783 -0.995871
-11.000000 142.710399 -14.570184 0.000000 0.090783 -0.995871
-11.000000 142.710399 -14.570184 0.000000 0.090783 -0.995871
-11.000000 139.989712 -14.755973 0.000000 0.045439 -0.998967
-11.000000 139.989712 -14.755973 0.000000 0.045439 -0.998967
-11.000000 148.112419 -13.828949 0.000000 0.180817 -0.983517
-11.000000 148.112419 -13.828949 0.000000 0.180817 -0.983517
-11.000000 148.112419 -13.828949 -0.000000 0.180817 -0.983517
-11.000000 148.112419 -13.828949 0.000000 0.180817 -0.983517
-11.000000 145.419834 -14.260964 0.000000 0.135941 -0.990717
-11.000000 145.419834 -14.260964 0.000000 0.135941 -0.990717
-12.000000 147.931817 -12.846482 -1.000000 0.000000 -0.000000
-12.000000 147.931817 -12.846482 -1.000000 0.000000 -0.000000
-12.000000 147.931817 -12.846482 -1.000000 0.000000 0.000000
-12.000000 142.619600 -13.574228 -1.000000 0.000000 -0.000000
-12.000000 142.619600 -13.574228 -1.000000 0.000000 -0.000000
-12.000000 142.619600 -13.574228 -1.000000 0.000000 0.000000
-11.866025 142.665007 -14.072249 -0.866025 0.045392 -0.497935
-11.500000 142.698236 -14.436763 -0.500000 0.078621 -0.862449
-11.707107 148.059459 -13.540884 -0.707107 0.127857 -0.695451
-11.707107 148.059459 -13.540884 -0.707107 0.127857 -0.695451
-12.000000 137.263394 -13.817945 -1.000000 -0.000000 -0.000000
-12.000000 137.263394 -13.817945 -1.000000 -0.000000 0.000000
-12.000000 137.263394 -13.817945 -1.000000 0.000000 0.000000
-11.923880 137.263394 -14.200628 -0.923880 -0.000000 -0.382683
-11.923880 137.263394 -14.200628 -0.923880 0.000000 -0.382683
-11.707107 137.263394 -14.525052 -0.707107 -0.000000 -0.707107
-11.707107 137.263394 -14.525052 -0.707107 -0.000000 -0.707107
-11.382683 137.263394 -14.741824 -0.382683 -0.000000 -0.923880
-11.382683 137.263394 -14.741824 -0.382683 -0.000000 -0.923880
-11.000000 149.225911 -13.613517 -0.000000 0.199071 -0.979985
-11.000000 149.225911 -13.613517 0.000000 0.199071 -0.979985
-11.000000 150.335153 -13.377431 -0.000000 0.217256 -0.976115
-11.000000 150.335153 -13.377431 0.000000 0.217255 -0.976115
-11.000000 150.335153 -13.377431 0.000004 0.217256 -0.976115
-11.708089 150.271353 -13.090563 -0.708089 0.153410 -0.689257
-11.708089 150.271353 -13.090563 -0.707887 0.153453 -0.689455
-12.000000 150.117943 -12.401306 -1.000000 -0.000000 0.000000
-12.000000 150.117943 -12.401306 -1.000000 0.000000 0.000000
-12.000000 150.117943 -12.401306 -1.000000 0.000000 0.000000
-12.000000 150.117943 -12.401306 -1.000000 -0.000000 0.000001
-12.000000 149.325652 -12.572071 -1.000000 -0.000000 0.000000
-12.000000 149.325652 -12.572071 -1.000000 0.000000 0.000000
-12.000000 148.531025 -12.731588 -1.000000 -0.000000 0.000000
-12.000000 148.531025 -12.731588 -1.000000 0.000000 0.000000
-12.000000 148.231481 -12.789362 -1.000000 0.000000 -0.000000
-12.000000 148.231481 -12.789362 -1.000000 0.000000 0.000000
10.980707 150.919005 -13.244471 0.000000 0.226827 -0.973935
10.980707 150.919005 -13.244471 -0.000006 0.226826 -0.973935
10.923003 151.499178 -13.106357 0.000000 0.236338 -0.971671
10.923003 151.499178 -13.106357 -0.000004 0.236337 -0.971671
10.923003 151.499178 -13.106357 -0.000002 0.236337 -0.971671
10.268811 156.373047 -11.703917 0.000000 0.316237 -0.948680
10.268811 156.373047 -11.703917 -0.000006 0.316260 -0.948672
9.621815 161.112580 -9.901878 0.000000 0.393934 -0.919139
9.621815 161.112580 -9.901878 0.000002 0.393878 -0.919163
8.986421 165.685624 -7.712677 0.000000 0.468902 -0.883250
8.986421 165.685624 -7.712677 -0.000008 0.468914 -0.883244
8.366950 170.061054 -5.151287 0.000000 0.540631 -0.841260
8.366950 170.061054 -5.151287 -0.000002 0.540631 -0.841260
8.366950 170.061054 -5.151287 0.000000 0.540631 -0.841260
8.366950 170.061054 -5.151287 0.000000 0.540631 -0.841260
-8.366950 170.061054 -5.151287 0.000000 0.540631 -0.841260
-8.366950 170.061054 -5.151287 0.000002 0.540631 -0.841260
-8.366950 170.061054 -5.151287 0.000000 0.540631 -0.841260
-8.366950 170.061054 -5.151287 0.000000 0.540631 -0.841260
-8.986421 165.685624 -7.712677 0.000000 0.468902 -0.883250
-8.986421 165.685624 -7.712677 0.000008 0.468914 -0.883244
-9.621815 161.112580 -9.901878 0.000000 0.393934 -0.919139
-9.621815 161.112580 -9.901878 -0.000002 0.393878 -0.919163
-10.268811 156.373047 -11.703917 0.000000 0.316237 -0.948680
-10.268811 156.373047 -11.703917 0.000006 0.316260 -0.948672
-10.923003 151.499178 -13.106357 0.000000 0.236338 -0.971671
-10.923003 151.499178 -13.106357 0.000004 0.236337 -0.971671
-10.923003 151.499178 -13.106357 0.000002 0.236337 -0.971671
-10.980707 150.919005 -13.244471 0.000000 0.226827 -0.973935
-10.980707 150.919005 -13.244471 0.000006 0.226826 -0.973935
11.994671 150.436728 -12.330515 0.999465 0.032097 0.006240
11.994671 150.436728 -12.330515 0.999467 0.032044 0.006229
11.978589 150.756370 -12.258052 0.997859 0.064203 0.012473
11.978589 150.756370 -12.258052 0.997859 0.064201 0.012480
11.951850 151.074295 -12.184517 0.995190 0.096164 0.018678
11.951850 151.074295 -12.184517 0.995185 0.096214 0.018702
11.914449 151.390973 -12.109802 0.991445 0.128131 0.024895
11.914449 151.390973 -12.109802 0.991444 0.128177 0.024705
11.914449 151.390973 -12.109802 0.991445 0.128128 0.024906
11.914449 151.390973 -12.109802 0.991445 0.128128 0.024906
11.621817 151.519774 -12.802181 0.698650 0.256967 -0.667724
11.621817 151.519774 -12.802181 0.699045 0.256924 -0.667327
11.621817 151.519774 -12.802181 0.699045 0.256924 -0.667327
10.746148 157.955227 -10.847983 0.694098 0.329316 -0.640139
9.885872 164.134713 -8.194542 0.689334 0.397874 -0.605404
9.047649 169.984192 -4.877096 0.684811 0.461816 -0.563702
9.047649 169.984192 -4.877096 0.684811 0.461816 -0.563702
9.047649 169.984192 -4.877096 0.682316 0.451095 -0.575290
9.001313 170.001481 -4.915145 0.634533 0.481024 -0.604966
9.001313 170.001481 -4.915145 0.634363 0.481058 -0.605118
8.852820 170.041818 -5.011509 0.489759 0.520629 -0.699344
8.852820 170.041818 -5.011509 0.485858 0.504429 -0.713788
8.852820 170.041818 -5.011509 0.485858 0.504429 -0.713788
8.688991 170.064433 -5.084845 0.322638 0.544469 -0.774247
8.688991 170.064433 -5.084845 0.322041 0.544009 -0.774818
10.613767 160.843195 -8.959535 0.991439 0.128206 0.024721
10.613767 160.843195 -8.959535 0.991445 0.128128 0.024906
9.358395 169.648556 -4.285142 0.991435 0.128235 0.024737
9.358395 169.648556 -4.285142 0.991445 0.128128 0.024906
9.358395 169.648556 -4.285142 0.991445 0.128128 0.024906
9.358395 169.648556 -4.285142 0.991445 0.128128 0.024906
11.914449 149.922276 -4.554012 0.991445 0.128128 0.024906
11.914449 149.922276 -4.554012 0.991445 0.128128 0.024906
11.914449 149.922276 -4.554012 0.000000 -0.190809 0.981627
9.358395 168.980720 -0.849426 0.991445 0.128128 0.024906
9.358395 168.980720 -0.849426 0.000000 -0.190809 0.981627
9.358395 168.980720 -0.849426 0.991445 0.128128 0.024906
11.994646 148.962175 -4.740637 0.999465 0.032118 0.006243
11.994646 148.962175 -4.740637 0.000000 -0.190809 0.981627
11.978589 149.283010 -4.678273 0.997859 0.064201 0.012480
11.978589 149.283010 -4.678273 0.000000 -0.190809 0.981627
11.951847 149.603158 -4.616043 0.995185 0.096216 0.018703
11.951847 149.603158 -4.616043 0.000000 -0.190809 0.981627
-12.000000 122.716114 -9.842355 0.000000 -0.190809 0.981627
-12.000000 122.716114 -9.842355 -1.000000 -0.000000 -0.000000
-12.000000 122.716114 -9.842355 -1.000000 0.000000 0.000000
-12.000000 148.640995 -4.803068 0.000000 -0.190809 0.981627
-12.000000 148.640995 -4.803068 -1.000000 0.000000 0.000000
-12.000000 148.640995 -4.803068 -1.000000 0.000000 0.000000
-11.994646 148.962175 -4.740637 0.000000 -0.190809 0.981627
-11.994646 148.962175 -4.740637 -0.999465 0.032118 0.006243
-11.978589 149.283010 -4.678273 0.000000 -0.190809 0.981627
-11.978589 149.283010 -4.678273 -0.997859 0.064201 0.012480
-11.951847 149.603158 -4.616043 0.000000 -0.190809 0.981627
-11.951847 149.603158 -4.616043 -0.995185 0.096216 0.018703
-11.914449 149.922276 -4.554013 0.000000 -0.190809 0.981627
-11.914449 149.922276 -4.554013 -0.991445 0.128128 0.024906
-11.914449 149.922276 -4.554013 -0.991445 0.128128 0.024906
-9.358395 168.980720 -0.849426 0.000000 -0.190809 0.981627
-9.358395 168.980720 -0.849426 -0.991444 0.128132 0.024906
-9.358395 168.980720 -0.849426 -0.991445 0.128128 0.024906
-9.248799 169.315290 -0.784392 0.000000 -0.190809 0.981627
-9.248799 169.315290 -0.784392 -0.881921 0.462736 0.089947
-9.026296 169.590618 -0.730874 0.000000 -0.190809 0.981627
-9.026296 169.590618 -0.730874 -0.659346 0.738026 0.143458
-8.719171 169.771228 -0.695767 0.000000 -0.190809 0.981627
-8.719171 169.771228 -0.695767 -0.352250 0.918711 0.178579
-8.366950 169.834219 -0.683523 0.000000 -0.190809 0.981627
-8.366950 169.834219 -0.683523 0.000000 0.981627 0.190809
-8.366950 169.834219 -0.683523 -0.000000 0.981627 0.190809
8.366950 169.834219 -0.683523 0.000000 -0.190809 0.981627
8.366950 169.834219 -0.683523 0.000000 0.981627 0.190809
8.366950 169.834219 -0.683523 0.000000 0.981627 0.190809
8.719171 169.771228 -0.695767 0.000000 -0.190809 0.981627
8.719171 169.771228 -0.695767 0.352250 0.918711 0.178579
9.026296 169.590618 -0.730874 0.000000 -0.190809 0.981627
9.026296 169.590618 -0.730874 0.659346 0.738026 0.143458
9.248799 169.315290 -0.784392 0.000000 -0.190809 0.981627
9.248799 169.315290 -0.784392 0.881921 0.462736 0.089947
11.923773 122.340505 -9.915366 0.000000 -0.190809 0.981627
11.923773 122.340505 -9.915366 0.923880 -0.375652 -0.073019
11.707107 122.021999 -9.977277 0.000000 -0.190809 0.981627
11.707107 122.021999 -9.977277 0.707107 -0.694115 -0.134922
11.382639 121.809314 -10.018619 0.000000 -0.190809 0.981627
11.382639 121.809314 -10.018619 0.382683 -0.906905 -0.176285
11.000000 121.734487 -10.033164 0.000000 -0.190809 0.981627
11.000000 121.734487 -10.033164 0.000000 -0.981627 -0.190809
11.000000 121.734487 -10.033164 0.000000 -0.981627 -0.190809
-11.000000 121.734487 -10.033164 0.000000 -0.190809 0.981627
-11.000000 121.734487 -10.033164 0.000000 -0.981627 -0.190809
-11.000000 121.734487 -10.033164 0.000000 -0.981627 -0.190809
-11.382639 121.809314 -10.018619 0.000000 -0.190809 0.981627
-11.382639 121.809314 -10.018619 -0.382683 -0.906905 -0.176285
-11.707107 122.021999 -9.977277 0.000000 -0.190809 0.981627
-11.707107 122.021999 -9.977277 -0.707107 -0.694115 -0.134922
-11.923773 122.340505 -9.915366 0.000000 -0.190809 0.981627
-11.923773 122.340505 -9.915366 -0.923880 -0.375652 -0.073019
11.000000 122.912440 -9.804193 0.000000 -0.190809 0.981627
11.000000 122.912440 -9.804193 -1.000000 0.000000 0.000000
11.000000 122.912440 -9.804193 -1.000000 0.000000 0.000000
11.000000 149.220048 -4.690512 0.000000 -0.190809 0.981627
11.000000 149.220048 -4.690512 -1.000000 0.000000 0.000000
11.000000 149.220048 -4.690512 -0.991445 -0.128128 -0.024906
8.424184 168.425842 -0.957284 0.000000 -0.190809 0.981627
8.424184 168.425842 -0.957284 -0.991445 -0.128128 -0.024906
8.424184 168.425842 -0.957284 -0.991445 -0.128128 -0.024906
8.369387 168.593128 -0.924767 0.000000 -0.190809 0.981627
8.369387 168.593128 -0.924767 -0.881921 -0.462736 -0.089947
8.258135 168.730792 -0.898007 0.000000 -0.190809 0.981627
8.258135 168.730792 -0.898007 -0.659346 -0.738026 -0.143458
8.104572 168.821096 -0.880454 0.000000 -0.190809 0.981627
8.104572 168.821096 -0.880454 -0.352250 -0.918711 -0.178579
7.928462 168.852592 -0.874332 0.000000 -0.190809 0.981627
7.928462 168.852592 -0.874332 0.000000 -0.981627 -0.190809
7.928462 168.852592 -0.874332 -0.000000 -0.981627 -0.190809
-7.928462 168.852592 -0.874332 0.000000 -0.190809 0.981627
-7.928462 168.852592 -0.874332 0.000000 -0.981627 -0.190809
-7.928462 168.852592 -0.874332 0.000000 -0.981627 -0.190809
-8.104572 168.821096 -0.880454 0.000000 -0.190809 0.981627
-8.104572 168.821096 -0.880454 0.352250 -0.918711 -0.178579
-8.258135 168.730792 -0.898007 0.000000 -0.190809 0.981627
-8.258135 168.730792 -0.898007 0.659346 -0.738026 -0.143458
-8.369387 168.593128 -0.924767 0.000000 -0.190809 0.981627
-8.369387 168.593128 -0.924767 0.881921 -0.462736 -0.089947
-8.424184 168.425842 -0.957284 0.000000 -0.190809 0.981627
-8.424184 168.425842 -0.957284 0.991445 -0.128128 -0.024906
-8.424184 168.425842 -0.957284 0.991445 -0.128128 -0.024906
-11.000000 149.220048 -4.690512 0.000000 -0.190809 0.981627
-11.000000 149.220048 -4.690512 1.000000 0.000000 0.000000
-11.000000 149.220048 -4.690512 0.991445 -0.128128 -0.024906
-11.000000 122.912440 -9.804193 0.000000 -0.190809 0.981627
-11.000000 122.912440 -9.804193 1.000000 -0.000000 -0.000000
-11.000000 122.912440 -9.804193 1.000000 0.000000 0.000000
-10.984755 122.837318 -9.818795 0.000000 -0.190809 0.981627
-10.984755 122.837318 -9.818795 0.923880 0.375652 0.073019
-10.941421 122.773617 -9.831177 0.000000 -0.190809 0.981627
-10.941421 122.773617 -9.831177 0.707107 0.694115 0.134922
-10.876528 122.731080 -9.839446 0.000000 -0.190809 0.981627
-10.876528 122.731080 -9.839446 0.382683 0.906905 0.176285
-10.800000 122.716114 -9.842355 0.000000 -0.190809 0.981627
-10.800000 122.716114 -9.842355 0.000000 0.981627 0.190809
-10.800000 122.716114 -9.842355 -0.000000 0.981627 0.190809
10.800000 122.716114 -9.842355 0.000000 -0.190809 0.981627
10.800000 122.716114 -9.842355 0.000000 0.981627 0.190809
10.800000 122.716114 -9.842355 0.000000 0.981627 0.190809
10.876528 122.731080 -9.839446 0.000000 -0.190809 0.981627
10.876528 122.731080 -9.839446 -0.382683 0.906905 0.176285
10.941421 122.773617 -9.831177 0.000000 -0.190809 0.981627
10.941421 122.773617 -9.831177 -0.707107 0.694115 0.134922
10.984755 122.837318 -9.818795 0.000000 -0.190809 0.981627
10.984755 122.837318 -9.818795 -0.923880 0.375652 0.073019
-11.000000 122.507264 -14.008754 0.000000 -0.981627 -0.190809
-11.000000 122.507264 -14.008754 0.000000 -0.981627 -0.190809
-11.000000 122.507264 -14.008754 0.000000 -0.981627 -0.190809
-11.000000 122.507264 -14.008754 0.000000 -0.981627 -0.190809
-11.373408 122.578267 -13.994952 -0.373408 -0.910624 -0.177007
-11.373408 122.578267 -13.994952 -0.372811 -0.910944 -0.176614
-11.393578 122.586489 -13.993354 -0.394056 -0.902200 -0.175370
-11.393578 122.586489 -13.993354 -0.391993 -0.903882 -0.171284
-11.393578 122.586489 -13.993354 -0.391993 -0.903882 -0.171284
-11.707107 122.794776 -13.952867 -0.707107 -0.694115 -0.134922
-11.707107 122.794776 -13.952867 -0.707107 -0.694115 -0.134922
-11.923735 123.112896 -13.891031 -0.923735 -0.375995 -0.073086
-11.923735 123.112896 -13.891031 -0.923738 -0.375966 -0.073201
-12.000000 123.488891 -13.817945 -1.000000 -0.000000 -0.000000
-12.000000 123.488891 -13.817945 -1.000000 0.000000 -0.000000
-12.000000 123.488891 -13.817945 -1.000000 -0.000000 0.000000
-12.000000 123.488891 -13.817945 -1.000000 0.000000 0.000000
11.000000 122.507264 -14.008754 0.000000 -0.981627 -0.190809
11.000000 122.507264 -14.008754 0.000000 -0.981627 -0.190809
11.000000 122.507264 -14.008754 0.000000 -0.981627 -0.190809
11.000000 122.507264 -14.008754 0.000000 -0.981627 -0.190809
11.923735 123.112896 -13.891031 0.923735 -0.375995 -0.073086
11.923735 123.112896 -13.891031 0.923738 -0.375966 -0.073201
11.707107 122.794776 -13.952867 0.707107 -0.694115 -0.134922
11.707107 122.794776 -13.952867 0.707107 -0.694115 -0.134922
11.393577 122.586489 -13.993354 0.394056 -0.902200 -0.175370
11.393577 122.586489 -13.993354 0.391993 -0.903882 -0.171284
11.393577 122.586489 -13.993354 0.391993 -0.903882 -0.171284
11.373407 122.578267 -13.994952 0.373407 -0.910624 -0.177007
11.373407 122.578267 -13.994952 0.372810 -0.910945 -0.176614
11.669471 123.214750 -14.508347 0.669471 -0.274141 -0.690403
11.669471 122.863481 -14.218784 0.669471 -0.625410 -0.400839
11.000000 123.150974 -14.759121 0.000000 -0.337917 -0.941176
11.000000 123.150974 -14.759121 0.000000 -0.337917 -0.941176
11.000000 122.852813 -14.589569 0.000000 -0.636078 -0.771625
11.000000 122.852813 -14.589569 0.000000 -0.636078 -0.771625
11.000000 122.852813 -14.589569 0.000000 -0.636078 -0.771625
11.000000 122.629484 -14.329238 0.000000 -0.859406 -0.511293
11.000000 122.629484 -14.329238 0.000000 -0.859406 -0.511293
-11.000000 122.852813 -14.589569 0.000000 -0.636078 -0.771625
-11.000000 122.852813 -14.589569 0.000000 -0.636078 -0.771625
-11.000000 122.852813 -14.589569 0.000000 -0.636078 -0.771625
-11.000000 122.629484 -14.329238 0.000000 -0.859406 -0.511293
-11.000000 122.629484 -14.329238 0.000000 -0.859406 -0.511293
-11.000000 123.150974 -14.759121 0.000000 -0.337917 -0.941176
-11.000000 123.150974 -14.759121 -0.000000 -0.337917 -0.941176
-11.373407 123.488891 -14.745612 -0.372810 0.000448 -0.927907
-11.373407 123.488891 -14.745612 -0.373407 -0.000000 -0.927668
-11.393577 123.488891 -14.737236 -0.391993 0.004332 -0.919958
-11.393577 123.488891 -14.737236 -0.391993 0.004332 -0.919958
-11.393577 123.488891 -14.737236 -0.394056 -0.000000 -0.919086
-11.669471 123.214750 -14.508348 -0.669471 -0.274141 -0.690403
-11.669471 122.863481 -14.218784 -0.669471 -0.625409 -0.400839
-11.707107 123.488891 -14.525052 -0.707107 -0.000000 -0.707107
-11.707107 123.488891 -14.525052 -0.707107 -0.000000 -0.707107
-11.923735 123.488891 -14.200977 -0.923738 -0.000118 -0.383026
-11.923735 123.488891 -14.200977 -0.923735 -0.000000 -0.383032
-11.914449 151.390973 -12.109802 -0.991445 0.128128 0.024906
-11.914449 151.390973 -12.109802 -0.991445 0.128131 0.024895
-11.914449 151.390973 -12.109802 -0.991444 0.128177 0.024705
-11.914449 151.390973 -12.109802 -0.991445 0.128128 0.024906
-11.994647 150.437445 -12.330354 -0.999465 0.032116 0.006243
-11.994647 150.437445 -12.330354 -0.999463 0.032169 0.006254
-11.978589 150.756370 -12.258052 -0.997859 0.064201 0.012480
-11.978589 150.756370 -12.258052 -0.997859 0.064203 0.012473
-11.951750 151.075283 -12.184286 -0.995175 0.096313 0.018721
-11.951750 151.075283 -12.184286 -0.995180 0.096263 0.018698
-11.621817 151.519774 -12.802181 -0.698650 0.256967 -0.667724
-11.621817 151.519774 -12.802181 -0.699045 0.256924 -0.667327
-11.621817 151.519774 -12.802181 -0.699045 0.256924 -0.667327
-8.688980 170.064434 -5.084849 -0.322626 0.544470 -0.774251
-8.688980 170.064434 -5.084849 -0.322030 0.544010 -0.774822
-8.852822 170.041818 -5.011509 -0.489760 0.520629 -0.699343
-8.852822 170.041818 -5.011509 -0.485860 0.504431 -0.713785
-8.852822 170.041818 -5.011509 -0.485860 0.504431 -0.713785
-9.001288 170.001490 -4.915164 -0.634508 0.481033 -0.604985
-9.001288 170.001490 -4.915164 -0.634338 0.481066 -0.605137
-9.047644 169.984194 -4.877101 -0.684811 0.461816 -0.563702
-9.047644 169.984194 -4.877101 -0.684811 0.461816 -0.563702
-9.047644 169.984194 -4.877101 -0.682315 0.451090 -0.575296
-9.885872 164.134713 -8.194542 -0.689334 0.397874 -0.605404
-10.746148 157.955227 -10.847983 -0.694098 0.329316 -0.640139
-9.358394 169.648559 -4.285140 -0.991435 0.128235 0.024737
-9.358394 169.648559 -4.285140 -0.991445 0.128129 0.024906
-9.358394 169.648559 -4.285140 -0.991444 0.128132 0.024906
-9.358394 169.648559 -4.285140 -0.991445 0.128128 0.024906
-10.613767 160.843195 -8.959535 -0.991439 0.128206 0.024721
-10.613767 160.843195 -8.959535 -0.991445 0.128128 0.024906
-8.366950 170.439993 -4.702953 0.000000 0.919570 -0.392926
-8.366950 170.439993 -4.702953 0.000000 0.919570 -0.392926
-8.366950 170.439993 -4.702953 0.000000 0.919570 -0.392926
-8.366950 170.514820 -4.415742 -0.000000 0.994396 -0.105715
-8.366950 170.514820 -4.415742 0.000000 0.994396 -0.105715
-8.366950 170.502051 -4.119218 -0.000000 0.981627 0.190809
-8.366950 170.502051 -4.119218 0.000000 0.981627 0.190809
-8.366950 170.502051 -4.119218 0.000000 0.981627 0.190809
-8.366950 170.502051 -4.119218 -0.000000 0.981627 0.190809
-8.701613 170.445448 -4.130220 -0.334046 0.925132 0.180399
-8.701613 170.445448 -4.130220 -0.334663 0.925025 0.179807
-8.784828 170.412235 -4.136676 -0.415227 0.889973 0.188505
-8.784828 170.412235 -4.136676 -0.415227 0.889973 0.188505
-8.784828 170.412235 -4.136676 -0.421020 0.890386 0.173074
-8.994773 170.294327 -4.393161 -0.627823 0.773904 -0.083134
-9.020905 170.151692 -4.726972 -0.653955 0.631268 -0.416945
-8.366950 170.284163 -4.955552 0.000000 0.763739 -0.645525
-8.366950 170.284163 -4.955552 0.000000 0.763739 -0.645525
-9.026296 170.258450 -4.166569 -0.659346 0.738026 0.143458
-9.026296 170.258450 -4.166569 -0.659346 0.738026 0.143458
-9.248587 169.983681 -4.219979 -0.881646 0.463270 0.089897
-9.248587 169.983681 -4.219979 -0.881637 0.463257 0.090048
8.366950 170.439993 -4.702953 0.000000 0.919570 -0.392926
8.366950 170.439993 -4.702953 0.000000 0.919570 -0.392926
8.366950 170.439993 -4.702953 0.000000 0.919570 -0.392926
8.366950 170.514820 -4.415742 0.000000 0.994396 -0.105715
8.366950 170.514820 -4.415742 0.000000 0.994396 -0.105715
8.366950 170.502051 -4.119218 0.000000 0.981627 0.190809
8.366950 170.502051 -4.119218 0.000000 0.981627 0.190809
8.366950 170.502051 -4.119218 0.000000 0.981627 0.190809
8.366950 170.502051 -4.119218 0.000000 0.981627 0.190809
8.366950 170.284163 -4.955552 0.000000 0.763739 -0.645525
8.366950 170.284163 -4.955552 0.000000 0.763739 -0.645525
9.020904 170.151691 -4.726975 0.653954 0.631267 -0.416948
8.994774 170.294326 -4.393163 0.627824 0.773903 -0.083136
8.784829 170.412234 -4.136677 0.415227 0.889973 0.188505
8.784829 170.412234 -4.136677 0.415227 0.889973 0.188505
8.784829 170.412234 -4.136677 0.421020 0.890386 0.173074
8.701614 170.445448 -4.130221 0.334048 0.925131 0.180399
8.701614 170.445448 -4.130221 0.334664 0.925024 0.179806
9.026296 170.258450 -4.166569 0.659346 0.738026 0.143458
9.026296 170.258450 -4.166569 0.659346 0.738026 0.143458
9.248587 169.983681 -4.219979 0.881646 0.463270 0.089897
9.248587 169.983681 -4.219979 0.881637 0.463257 0.090048
11.000000 139.122917 -13.799726 -1.000000 0.000000 0.000000
11.000000 139.122917 -13.799726 0.000000 -0.034006 0.999422
11.000000 139.122917 -13.799726 0.000000 -0.034006 0.999422
11.000000 144.945433 -13.316966 -1.000000 0.000000 0.000000
11.000000 144.945433 -13.316966 0.000000 -0.131048 0.991376
11.000000 150.693401 -12.270252 -1.000000 0.000000 0.000000
11.000000 150.693401 -12.270252 0.000000 -0.226847 0.973930
11.000000 150.693401 -12.270252 -0.991445 -0.128128 -0.024906
11.000000 123.692634 -13.817945 -1.000000 0.000000 0.000000
11.000000 123.692634 -13.817945 0.000000 0.000000 1.000000
11.000000 123.692634 -13.817945 -1.000000 0.000000 0.000000
11.000000 138.051738 -13.817945 -1.000000 0.000000 0.000000
11.000000 138.051738 -13.817945 0.000000 -0.000000 1.000000
11.000000 138.051738 -13.817945 0.000000 0.000000 1.000000
11.000000 138.319581 -13.816806 -1.000000 0.000000 0.000000
11.000000 138.319581 -13.816806 0.000000 -0.008503 0.999964
11.000000 138.587405 -13.813390 -1.000000 0.000000 0.000000
11.000000 138.587405 -13.813390 0.000000 -0.017005 0.999855
11.000000 138.855190 -13.807696 -1.000000 0.000000 0.000000
11.000000 138.855190 -13.807696 0.000000 -0.025506 0.999675
-11.000000 138.051738 -13.817945 0.000000 -0.000000 1.000000
-11.000000 138.051738 -13.817945 0.000000 0.000000 1.000000
-11.000000 138.051738 -13.817945 1.000000 0.000000 0.000000
-11.000000 138.319581 -13.816806 0.000000 -0.008503 0.999964
-11.000000 138.319581 -13.816806 1.000000 0.000000 0.000000
-11.000000 138.587405 -13.813390 0.000000 -0.017005 0.999855
-11.000000 138.587405 -13.813390 1.000000 0.000000 0.000000
-11.000000 138.855190 -13.807696 0.000000 -0.025506 0.999675
-11.000000 138.855190 -13.807696 1.000000 0.000000 0.000000
-11.000000 139.122917 -13.799726 0.000000 -0.034006 0.999422
-11.000000 139.122917 -13.799726 1.000000 0.000000 0.000000
-11.000000 139.122917 -13.799726 0.000000 -0.034006 0.999422
10.985322 123.614338 -13.817945 0.000000 0.000000 1.000000
10.985322 123.614338 -13.817945 -0.923710 0.376053 0.073097
10.941421 123.548566 -13.817945 0.000000 0.000000 1.000000
10.941421 123.548566 -13.817945 -0.707107 0.694115 0.134922
10.876695 123.503775 -13.817945 0.000000 0.000000 1.000000
10.876695 123.503775 -13.817945 -0.382272 0.907072 0.176317
10.800000 123.488891 -13.817945 0.000000 0.000000 1.000000
10.800000 123.488891 -13.817945 0.000000 0.981627 0.190809
10.800000 123.488891 -13.817945 0.000000 0.981627 0.190809
-10.800000 123.488891 -13.817945 0.000000 0.000000 1.000000
-10.800000 123.488891 -13.817945 0.000000 0.981627 0.190809
-10.800000 123.488891 -13.817945 -0.000000 0.981627 0.190809
-10.876695 123.503775 -13.817945 0.000000 0.000000 1.000000
-10.876695 123.503775 -13.817945 0.382272 0.907072 0.176317
-10.941421 123.548566 -13.817945 0.000000 0.000000 1.000000
-10.941421 123.548566 -13.817945 0.707107 0.694115 0.134922
-10.985322 123.614338 -13.817945 0.000000 0.000000 1.000000
-10.985322 123.614338 -13.817945 0.923710 0.376053 0.073097
-11.000000 123.692634 -13.817945 0.000000 0.000000 1.000000
-11.000000 123.692634 -13.817945 1.000000 -0.000000 -0.000000
-11.000000 123.692634 -13.817945 1.000000 0.000000 0.000000
-11.000000 150.693401 -12.270252 1.000000 0.000000 0.000000
-11.000000 150.693401 -12.270252 0.991445 -0.128128 -0.024906
-11.000000 150.693401 -12.270252 0.000000 -0.226847 0.973930
-11.000000 144.945433 -13.316966 1.000000 0.000000 0.000000
-11.000000 144.945433 -13.316966 0.000000 -0.131048 0.991376
-8.424184 169.126355 -4.561110 0.991445 -0.128128 -0.024906
-8.424184 169.126355 -4.561110 0.991445 -0.128128 -0.024906
-8.424184 169.126355 -4.561110 0.000000 -0.534063 0.845445
-9.689605 160.233996 -9.187944 0.991445 -0.128128 -0.024906
-9.689605 160.233996 -9.187944 0.000000 -0.385857 0.922559
-8.258153 169.408012 -4.382089 0.659382 -0.737995 -0.143452
-8.258153 169.408012 -4.382089 0.000000 -0.538758 0.842461
-8.367765 169.282893 -4.461887 0.879354 -0.467421 -0.090857
-8.367765 169.282893 -4.461887 0.000000 -0.536672 0.843791
-7.928462 169.520424 -4.310027 0.000000 -0.981627 -0.190809
-7.928462 169.520424 -4.310027 0.000000 -0.540631 0.841260
-7.928462 169.520424 -4.310027 0.000000 -0.981627 -0.190809
-8.101551 169.491586 -4.328548 0.346756 -0.920722 -0.178970
-8.101551 169.491586 -4.328548 0.000000 -0.540150 0.841569
7.928462 169.520424 -4.310027 0.000000 -0.540631 0.841260
7.928462 169.520424 -4.310027 0.000000 -0.981627 -0.190809
7.928462 169.520424 -4.310027 -0.000000 -0.981627 -0.190809
8.103527 169.491769 -4.328481 0.000000 -0.540152 0.841567
8.103527 169.491769 -4.328481 -0.350131 -0.919491 -0.178731
8.258131 169.408030 -4.382079 0.000000 -0.538758 0.842461
8.258131 169.408030 -4.382079 -0.659372 -0.738004 -0.143453
8.368970 169.281706 -4.462666 0.000000 -0.536652 0.843804
8.368970 169.281706 -4.462666 -0.881016 -0.464395 -0.090269
8.424184 169.126355 -4.561110 0.000000 -0.534063 0.845445
8.424184 169.126355 -4.561110 -0.991445 -0.128128 -0.024906
8.424184 169.126355 -4.561110 -0.991445 -0.128128 -0.024906
9.689605 160.233995 -9.187945 0.000000 -0.385857 0.922559
9.689605 160.233995 -9.187945 -0.991445 -0.128128 -0.024906
