72 3 0
106 2 4
74 0 40
103 41 1
74 72 0
105 103 1
70 5 3
110 4 6
72 70 3
108 106 4
110 108 4
68 7 5
112 6 8
70 68 5
112 110 6
66 9 7
114 8 10
68 66 7
114 112 8
63 11 9
114 10 12
66 63 9
63 13 11
116 12 14
116 114 12
61 15 13
120 14 16
63 61 13
118 116 14
120 118 14
59 17 15
122 16 18
61 59 15
122 120 16
57 19 17
124 18 20
59 57 17
124 122 18
53 21 19
124 20 23
55 53 19
57 55 19
51 24 21
84 22 25
53 51 21
124 23 85
49 26 24
89 25 27
51 49 24
87 84 25
89 87 25
47 28 26
91 27 29
49 47 26
91 89 27
45 30 28
93 29 31
47 45 28
93 91 29
42 32 30
93 31 33
45 42 30
42 34 32
95 33 35
95 93 33
82 36 34
99 35 37
82 34 42
97 95 35
99 97 35
80 38 36
101 37 39
82 80 36
101 99 37
78 40 38
103 39 41
80 78 38
103 101 39
76 74 40
78 76 40
567 43 46
570 83 44
570 44 568
605 46 48
607 567 46
607 46 605
603 48 50
605 48 603
601 50 52
603 50 601
599 52 54
601 52 599
597 54 56
599 54 597
595 56 58
597 56 595
593 58 60
595 58 593
591 60 62
593 60 591
591 62 64
589 65 67
591 64 588
584 67 69
586 67 584
589 67 586
582 69 71
584 69 582
580 71 73
582 71 580
578 73 75
580 73 578
576 75 77
578 75 576
574 77 79
576 77 574
572 79 81
574 79 572
570 81 83
572 81 570
126 86 88
170 125 86
170 86 126
129 88 90
129 126 88
131 90 92
131 129 90
133 92 94
133 131 92
135 94 96
135 133 94
141 96 98
141 135 96
143 98 100
143 141 98
145 100 102
145 143 100
147 102 104
147 145 102
147 104 107
149 107 109
149 147 107
152 109 111
152 149 109
154 111 113
154 152 111
156 113 115
156 154 113
158 115 117
158 156 115
164 117 119
164 158 117
166 119 121
166 164 119
168 121 123
168 166 121
170 123 125
170 168 123
199 128 130
194 171 127
196 194 127
263 130 132
265 199 130
265 130 263
261 132 134
263 132 261
261 134 136
139 137 135
259 136 138
141 139 135
261 136 259
257 138 140
259 138 257
255 140 142
257 140 255
251 142 144
253 142 251
255 142 253
249 144 146
251 144 249
249 146 148
247 148 151
249 148 247
172 150 153
247 151 175
178 153 155
176 172 153
178 176 153
180 155 157
180 178 155
180 157 159
162 160 158
182 159 161
164 162 158
182 180 159
184 161 163
184 182 161
186 163 165
186 184 163
190 165 167
188 186 165
190 188 165
192 167 169
192 190 167
192 169 171
194 192 171
200 173 177
244 174 201
246 174 244
203 177 179
203 200 177
207 179 181
205 203 179
207 205 179
209 181 183
209 207 181
209 183 185
211 185 187
211 209 185
213 187 189
213 211 187
215 189 191
215 213 189
219 191 193
217 215 191
219 217 191
221 193 195
221 219 193
221 195 197
223 221 197
264 224 198
290 202 204
290 245 202
293 204 206
293 290 204
266 206 208
403 206 266
296 293 206
298 296 206
399 298 206
401 399 206
403 401 206
218 208 210
220 208 218
269 208 220
269 266 208
216 210 212
218 210 216
216 212 214
384 220 222
381 269 220
384 381 220
419 222 225
390 222 370
414 370 222
386 384 222
388 386 222
390 388 222
417 414 222
419 417 222
264 226 224
302 225 227
323 225 302
323 321 225
419 225 321
262 228 226
439 227 229
264 262 226
305 302 227
307 305 227
432 307 227
435 432 227
437 435 227
439 437 227
262 230 228
272 229 231
326 229 272
346 229 326
344 342 229
441 229 342
346 344 229
441 439 229
241 231 233
260 232 230
243 231 241
275 231 243
262 260 230
275 272 231
239 233 235
256 234 232
241 233 239
258 256 232
260 258 232
239 235 237
254 236 234
256 254 234
252 238 236
254 252 236
250 240 238
252 250 238
250 242 240
248 244 242
288 243 245
250 248 242
348 275 243
351 243 288
351 348 243
248 246 244
290 288 245
486 267 270
410 266 275
511 276 268
406 403 266
408 406 266
410 408 266
494 268 488
507 268 494
507 500 268
509 268 500
511 268 509
333 272 269
521 271 274
335 333 269
446 335 269
379 377 269
432 269 377
381 379 269
448 269 432
448 446 269
489 486 270
521 491 271
530 273 277
329 326 272
331 329 272
333 331 272
519 274 517
537 517 274
521 274 519
535 274 532
537 274 535
368 275 348
366 364 275
477 275 364
368 366 275
455 410 275
457 455 275
459 457 275
473 459 275
475 473 275
477 475 275
522 276 511
530 277 523
482 281 278
701 280 283
395 278 300
553 301 279
395 392 278
450 278 392
466 278 450
464 462 278
468 278 462
466 464 278
484 278 468
484 482 278
555 553 279
701 556 280
357 284 281
680 282 285
359 357 281
477 359 281
480 477 281
482 480 281
695 283 681
695 692 283
701 283 692
355 286 284
683 285 287
357 355 284
683 680 285
351 288 286
685 287 289
353 351 286
355 353 286
685 683 287
616 289 292
618 289 616
687 289 618
687 685 289
676 291 295
616 292 614
674 614 292
679 674 292
679 292 677
538 294 297
558 294 538
676 295 560
543 297 299
541 538 297
543 541 297
397 300 298
551 299 301
399 397 298
546 543 299
549 546 299
551 549 299
397 395 300
553 551 301
907 304 306
909 324 303
909 303 906
928 306 308
928 907 306
432 309 307
926 308 310
928 308 926
432 311 309
924 310 312
926 310 924
426 314 311
922 313 315
428 311 377
432 377 311
428 426 311
924 312 921
426 317 314
919 316 318
922 315 918
423 319 317
916 318 320
426 423 317
919 318 916
421 321 319
914 320 322
423 421 319
916 320 914
912 322 325
421 419 321
914 322 912
912 325 910
1018 327 330
1021 347 328
1021 328 1019
1038 330 332
1038 1018 330
1036 332 334
1038 332 1036
1034 334 336
1036 334 1034
446 337 335
1032 336 338
1034 336 1032
441 340 337
1030 339 341
444 441 337
446 444 337
1032 338 1029
441 342 340
1027 341 343
1030 341 1027
1025 343 345
1027 343 1025
1023 345 347
1025 345 1023
1023 347 1021
1040 349 352
1043 369 350
1043 350 1041
1060 352 354
1060 1040 352
1058 354 356
1060 354 1058
1056 356 358
1058 356 1056
1054 358 360
1056 358 1054
477 362 359
1052 361 363
1054 360 1051
477 364 362
1049 363 365
1052 363 1049
1047 365 367
1049 365 1047
1045 367 369
1047 367 1045
1045 369 1043
414 373 370
1062 371 374
1065 391 372
1065 372 1063
414 375 373
1082 374 376
1082 1062 374
428 377 375
1080 376 378
430 375 414
430 428 375
1082 376 1080
1078 378 380
1080 378 1078
1076 380 382
1078 380 1076
1074 383 385
1076 382 1073
1071 385 387
1074 385 1071
1069 387 389
1071 387 1069
1067 389 391
1069 389 1067
1067 391 1065
1084 393 396
453 392 412
1087 413 394
453 450 392
1087 394 1085
1104 396 398
1104 1084 396
1102 398 400
1104 398 1102
1100 400 402
1102 400 1100
1098 402 404
1100 402 1098
1096 405 407
1098 404 1095
1093 407 409
1096 407 1093
1091 409 411
1093 409 1091
455 412 410
1089 411 413
1091 411 1089
455 453 412
1089 413 1087
1207 415 418
1210 431 416
1210 416 1208
1221 418 420
1223 1207 418
1223 418 1221
1219 420 422
1221 420 1219
1219 422 424
1217 425 427
1219 424 1216
1212 427 429
1214 427 1212
1217 427 1214
1210 429 431
1212 429 1210
1161 433 436
1164 449 434
1164 434 1162
1175 436 438
1177 1161 436
1177 436 1175
1173 438 440
1175 438 1173
1173 440 442
1171 443 445
1173 442 1170
1166 445 447
1168 445 1166
1171 445 1168
1164 447 449
1166 447 1164
1287 451 454
1290 467 452
1290 452 1288
1301 454 456
1303 1287 454
1303 454 1301
1299 456 458
1301 456 1299
1299 458 460
468 462 459
1297 461 463
471 468 459
473 471 459
1299 460 1296
1292 463 465
1294 463 1292
1297 463 1294
1290 465 467
1292 465 1290
1247 469 472
1250 485 470
1250 470 1248
1261 472 474
1263 1247 472
1263 472 1261
1259 474 476
1261 474 1259
1259 476 478
1257 479 481
1259 478 1256
1252 481 483
1254 481 1252
1257 481 1254
1250 483 485
1252 483 1250
492 487 490
495 492 490
521 497 491
504 493 496
506 493 504
505 497 503
521 503 497
506 501 498
520 499 502
520 508 499
506 504 501
518 510 508
520 518 508
515 512 510
525 511 513
518 515 510
525 522 511
536 514 516
528 525 513
536 529 514
533 524 526
533 531 524
534 527 529
536 534 529
579 539 542
561 558 538
563 561 538
609 564 540
608 539 579
579 542 544
858 545 548
581 579 544
666 581 544
858 667 545
857 547 550
1099 550 552
1097 857 550
1099 1097 550
1101 552 554
1101 1099 552
1103 554 557
1103 1101 554
701 698 556
851 557 700
849 846 557
1061 557 846
851 849 557
1083 557 1061
1103 557 1083
669 559 562
671 559 669
675 559 671
669 562 565
668 564 609
606 569 566
626 571 569
632 569 606
628 626 569
630 628 569
632 630 569
620 573 571
622 620 571
624 622 571
626 624 571
612 575 573
615 612 573
617 615 573
620 617 573
610 577 575
612 610 575
608 579 577
610 608 577
662 583 581
664 662 581
666 664 581
658 585 583
660 658 583
662 660 583
590 587 585
658 590 585
654 592 590
656 654 590
658 656 590
652 594 592
654 652 592
648 596 594
650 648 594
652 650 594
646 598 596
648 646 596
644 600 598
646 644 598
642 602 600
644 642 600
636 604 602
638 636 602
640 638 602
642 640 602
632 606 604
634 632 604
636 634 604
668 609 611
670 611 613
670 668 611
672 670 613
691 619 621
689 687 618
904 621 623
904 691 621
902 623 625
904 623 902
900 625 627
902 625 900
898 627 629
900 627 898
896 629 631
898 629 896
894 631 633
896 631 894
892 633 635
894 633 892
892 635 637
890 637 639
892 637 890
890 639 641
888 641 643
890 641 888
886 643 645
888 643 886
884 645 647
886 645 884
882 647 649
884 647 882
880 649 651
882 649 880
878 651 653
651 878 1393
874 653 655
876 653 874
878 653 876
870 655 657
872 655 870
874 655 872
868 657 659
870 657 868
866 659 661
868 659 866
864 661 663
866 661 864
862 663 665
864 663 862
860 665 667
862 665 860
860 667 858
678 671 673
678 675 671
1053 682 684
746 696 682
748 746 682
750 748 682
752 750 682
1053 752 682
1055 684 686
1055 1053 684
903 686 688
1057 686 903
1057 1055 686
903 688 690
741 694 697
710 702 693
712 710 693
741 713 694
744 739 696
746 744 696
717 699 703
728 699 717
855 700 729
853 851 700
855 853 700
707 704 702
718 702 704
710 707 702
718 715 702
726 706 709
723 719 705
725 723 705
1111 708 711
1112 726 709
1114 711 714
1114 1111 711
764 713 741
1105 713 764
1114 714 1106
720 716 719
736 717 721
736 728 717
723 720 719
1107 722 724
1109 737 722
1109 722 1107
1115 724 727
1115 1107 724
1115 727 1113
736 733 728
836 729 734
838 729 836
1264 731 839
1284 856 732
1284 732 1265
1117 735 738
1117 837 735
1132 737 1109
1132 1116 737
1224 742 745
763 739 761
1244 762 743
1244 743 1225
1229 745 747
1227 1224 745
1229 1227 745
1231 747 749
1231 1229 747
1233 749 751
1233 1231 749
1233 751 753
777 755 752
1236 754 756
779 777 752
1050 779 752
1053 1050 752
1235 1233 753
777 757 755
1240 756 758
1238 1236 756
1240 1238 756
775 759 757
1242 758 760
777 775 757
1242 1240 758
766 761 759
1244 760 762
768 766 759
775 768 759
1244 1242 760
766 763 761
1110 765 767
1108 1105 764
1133 767 769
1133 1110 767
775 770 768
1131 769 771
1133 769 1131
775 772 770
1131 771 773
1141 774 776
1139 1131 773
1157 776 778
1159 1141 776
1159 776 1157
1157 778 780
1028 781 779
1155 780 782
1050 1028 779
1157 780 1155
1026 783 781
1153 782 784
1028 1026 781
1155 782 1153
885 785 783
1151 784 786
1024 885 783
1026 1024 783
1153 784 1151
885 787 785
1149 786 788
1151 786 1149
925 789 787
1147 788 790
927 787 885
927 925 787
1149 788 1147
925 791 789
1147 790 792
800 793 791
1145 792 794
923 800 791
925 923 791
1147 792 1145
798 795 793
1143 794 797
800 798 793
1145 794 1143
1134 796 799
1143 797 1136
1134 799 801
813 803 800
1127 802 804
917 813 800
920 917 800
923 920 800
1134 801 1126
811 806 803
1124 805 807
813 811 803
1127 804 1123
811 808 806
1124 807 809
1185 810 812
1183 1124 809
1205 812 814
1205 1185 812
913 815 813
1203 814 816
915 913 813
917 915 813
1205 814 1203
881 817 815
1199 816 818
913 881 815
1201 816 1199
1203 816 1201
881 819 817
1197 818 820
1199 818 1197
879 821 819
1195 820 822
881 879 819
1197 820 1195
879 823 821
1193 822 824
1195 822 1193
844 825 823
1191 824 826
846 844 823
1061 846 823
1064 823 879
1064 1061 823
1193 824 1191
842 827 825
1187 826 828
844 842 825
1189 826 1187
1191 826 1189
832 829 827
1187 828 831
834 832 827
840 834 827
842 840 827
1178 830 833
1187 831 1180
1178 833 835
838 836 834
1119 835 837
840 838 834
1178 835 1119
1119 837 1117
1269 839 841
1267 1264 839
1269 1267 839
1271 841 843
1271 1269 841
1273 843 845
1273 1271 843
1273 845 847
1276 848 850
1275 1273 847
1280 850 852
1278 1276 850
1280 1278 850
1282 852 854
1282 1280 852
1284 854 856
1284 1282 854
875 859 857
877 875 857
962 877 857
1094 962 857
1097 1094 857
873 861 859
875 873 859
871 863 861
873 871 861
869 865 863
871 869 863
869 867 865
1070 879 1392
940 938 877
1072 877 938
962 940 877
1072 1070 877
1066 1064 879
1068 1066 879
1070 1068 879
908 883 881
911 908 881
913 911 881
905 885 883
908 905 883
1022 887 885
927 885 905
1024 1022 885
1017 889 887
1020 1017 887
1022 1020 887
897 891 889
899 897 889
901 899 889
1017 901 889
895 893 891
897 895 891
995 903 901
1017 995 901
993 903 973
995 973 903
1039 903 993
1059 903 1039
1059 1057 903
1077 932 929
1316 931 933
951 929 949
1313 950 930
1090 929 951
1079 1077 929
1090 1079 929
1315 1313 930
1077 934 932
1318 933 935
1318 1316 933
1077 936 934
1320 935 937
1320 1318 935
1072 938 936
1322 937 939
1075 1072 936
1077 1075 936
1322 1320 937
1324 939 942
1324 1322 939
960 943 940
1304 941 944
962 960 940
1324 942 1305
960 945 943
1307 944 946
1307 1304 944
958 947 945
1309 946 948
960 958 945
1309 1307 946
956 949 947
1311 948 950
958 956 947
1311 1309 948
954 951 949
956 954 949
1313 1311 950
1338 953 955
1090 951 971
1335 972 952
1337 1335 952
1340 955 957
1340 1338 955
1342 957 959
1342 1340 957
1344 959 961
1344 1342 959
1346 961 964
1346 1344 961
1094 965 962
1326 963 966
1346 964 1327
1094 967 965
1329 966 968
1329 1326 966
1094 969 967
1331 968 970
1331 1329 968
1092 971 969
1333 970 972
1094 1092 969
1333 1331 970
1092 1090 971
1335 1333 972
1015 976 973
1360 975 977
1357 994 974
1015 973 995
1359 1357 974
1015 978 976
1362 977 979
1362 1360 977
1013 980 978
1364 979 981
1015 1013 978
1364 1362 979
1011 982 980
1366 981 983
1013 1011 980
1366 1364 981
1006 984 982
1368 983 986
1009 1006 982
1011 1009 982
1368 1366 983
1044 987 984
1348 985 988
1035 984 1006
1046 984 1035
1046 1044 984
1368 986 1349
1044 989 987
1351 988 990
1351 1348 988
1044 991 989
1353 990 992
1353 1351 990
1039 993 991
1355 992 994
1042 1039 991
1044 1042 991
1355 1353 992
1357 1355 994
1017 998 995
1382 997 999
1379 1016 996
1381 1379 996
1017 1000 998
1384 999 1001
1384 1382 999
1017 1002 1000
1386 1001 1003
1386 1384 1001
1037 1004 1002
1388 1003 1005
1037 1002 1017
1388 1386 1003
1035 1006 1004
1390 1005 1008
1037 1035 1004
1390 1388 1005
1370 1007 1010
1390 1008 1371
1373 1010 1012
1373 1370 1010
1375 1012 1014
1375 1373 1012
1377 1014 1016
1377 1375 1014
1379 1377 1016
1048 1031 1028
1050 1048 1028
1048 1033 1031
1046 1035 1033
1048 1046 1033
1083 1061 1081
1088 1081 1079
1090 1088 1079
1086 1083 1081
1088 1086 1081
1130 1118 1116
1132 1130 1116
1128 1120 1118
1178 1119 1121
1130 1128 1118
1125 1122 1120
1183 1121 1124
1128 1125 1120
1181 1178 1121
1183 1181 1121
1134 1126 1129
1139 1129 1131
1137 1134 1129
1139 1137 1129
1165 1135 1138
1163 1142 1135
1165 1163 1135
1156 1138 1140
1165 1138 1156
1158 1156 1140
1160 1144 1142
1163 1160 1142
1176 1146 1144
1176 1144 1160
1150 1148 1146
1174 1150 1146
1176 1174 1146
1174 1152 1150
1169 1154 1152
1172 1169 1152
1174 1172 1152
1167 1156 1154
1169 1167 1154
1167 1165 1156
1188 1179 1182
1188 1186 1179
1211 1182 1184
1211 1188 1182
1213 1184 1204
1213 1211 1184
1206 1190 1188
1209 1206 1188
1211 1209 1188
1222 1192 1190
1222 1190 1206
1222 1194 1192
1220 1196 1194
1222 1220 1194
1200 1198 1196
1220 1200 1196
1215 1202 1200
1218 1215 1200
1220 1218 1200
1213 1204 1202
1215 1213 1202
1246 1226 1228
1262 1245 1226
1262 1226 1246
1251 1228 1230
1249 1246 1228
1251 1249 1228
1234 1230 1232
1251 1230 1234
1253 1234 1237
1253 1251 1234
1255 1237 1239
1255 1253 1237
1260 1239 1241
1258 1255 1239
1260 1258 1239
1245 1241 1243
1260 1241 1245
1262 1260 1245
1295 1266 1268
1293 1285 1266
1295 1293 1266
1300 1268 1270
1298 1295 1268
1300 1298 1268
1274 1270 1272
1300 1270 1274
1302 1274 1277
1302 1300 1274
1286 1277 1279
1302 1277 1286
1291 1279 1281
1289 1286 1279
1291 1289 1279
1285 1281 1283
1291 1281 1285
1293 1291 1285
1325 1306 1308
1323 1308 1310
1325 1308 1323
1321 1310 1312
1323 1310 1321
1319 1312 1314
1321 1312 1319
1319 1314 1317
1347 1328 1330
1345 1330 1332
1347 1330 1345
1343 1332 1334
1345 1332 1343
1341 1334 1336
1343 1334 1341
1341 1336 1339
1369 1350 1352
1367 1352 1354
1369 1352 1367
1365 1354 1356
1367 1354 1365
1363 1356 1358
1365 1356 1363
1363 1358 1361
1391 1372 1374
1389 1374 1376
1391 1374 1389
1387 1376 1378
1389 1376 1387
1385 1378 1380
1387 1378 1385
1385 1380 1383
1392 877 1070
1393 880 651
1452 1397 1394
1791 1396 1398
1454 1452 1394
1466 1455 1395
1789 1467 1396
1791 1789 1396
1450 1399 1397
1791 1398 1400
1452 1450 1397
1448 1401 1399
1793 1400 1402
1450 1448 1399
1793 1791 1400
1446 1403 1401
1798 1402 1404
1448 1446 1401
1796 1793 1402
1798 1796 1402
1444 1405 1403
1800 1404 1406
1446 1444 1403
1800 1798 1404
1412 1406 1408
1442 1407 1405
1802 1406 1412
1444 1442 1405
1802 1800 1406
1412 1408 1410
1440 1409 1407
1442 1440 1407
1438 1411 1409
1440 1438 1409
1436 1413 1411
1804 1412 1414
1438 1436 1411
1804 1802 1412
1434 1415 1413
1806 1414 1416
1436 1434 1413
1806 1804 1414
1430 1417 1415
1808 1416 1418
1432 1430 1415
1434 1432 1415
1808 1806 1416
1428 1419 1417
1776 1418 1420
1430 1428 1417
1808 1418 1776
1424 1421 1419
1779 1420 1423
1428 1424 1419
1779 1776 1420
1763 1422 1427
1774 1422 1763
1779 1423 1775
1669 1425 1429
1720 1648 1425
1762 1426 1649
1729 1425 1669
1722 1720 1425
1725 1722 1425
1727 1725 1425
1729 1727 1425
1669 1429 1431
1671 1431 1433
1671 1669 1431
1676 1433 1435
1674 1671 1433
1676 1674 1433
1680 1435 1437
1678 1676 1435
1680 1678 1435
1702 1437 1439
1682 1437 1443
1702 1443 1437
1682 1680 1437
1711 1439 1441
1704 1702 1439
1707 1704 1439
1709 1707 1439
1711 1709 1439
1711 1441 1443
1682 1443 1445
1698 1695 1443
1711 1443 1695
1700 1698 1443
1702 1700 1443
1686 1445 1447
1684 1682 1445
1686 1684 1445
1688 1447 1449
1688 1686 1447
1688 1449 1451
1690 1451 1453
1690 1688 1451
1657 1453 1457
1693 1453 1657
1693 1690 1453
1466 1458 1455
1478 1456 1459
1731 1457 1479
1745 1657 1457
1747 1457 1731
1747 1745 1457
1463 1460 1458
1478 1459 1461
1466 1463 1458
1477 1462 1465
1478 1461 1476
1789 1464 1467
1477 1465 1475
1503 1475 1465
1491 1465 1489
1519 1489 1465
1494 1465 1491
1503 1465 1494
1518 1464 1516
1785 1516 1464
1787 1785 1464
1789 1787 1464
1473 1471 1468
1497 1469 1472
1476 1473 1468
1478 1476 1468
1659 1479 1470
1661 1470 1499
1661 1659 1470
1496 1472 1474
1497 1472 1496
1496 1474 1495
1502 1495 1474
1738 1479 1659
1734 1731 1479
1736 1734 1479
1738 1736 1479
1496 1483 1480
1538 1481 1484
1500 1496 1480
1654 1501 1482
1601 1504 1481
1654 1482 1505
1611 1481 1538
1567 1564 1481
1601 1481 1564
1569 1567 1481
1571 1569 1481
1573 1571 1481
1624 1573 1481
1607 1604 1481
1624 1481 1604
1609 1607 1481
1611 1609 1481
1495 1485 1483
1520 1484 1486
1496 1495 1483
1540 1484 1520
1540 1538 1484
1490 1487 1485
1527 1486 1488
1492 1490 1485
1495 1492 1485
1523 1520 1486
1525 1523 1486
1527 1525 1486
1529 1488 1517
1529 1527 1488
1502 1492 1495
1500 1497 1496
1663 1499 1501
1663 1661 1499
1663 1501 1654
1545 1507 1504
1655 1506 1508
1547 1545 1504
1549 1547 1504
1633 1549 1504
1597 1595 1504
1635 1504 1595
1599 1597 1504
1601 1599 1504
1635 1633 1504
1560 1509 1507
1765 1508 1510
1545 1542 1507
1562 1507 1542
1562 1560 1507
1764 1655 1508
1765 1764 1508
1514 1511 1509
1766 1510 1512
1560 1514 1509
1766 1765 1510
1753 1513 1515
1768 1513 1753
1531 1517 1514
1534 1531 1514
1536 1534 1514
1538 1536 1514
1615 1538 1514
1556 1553 1514
1587 1514 1553
1558 1556 1514
1560 1558 1514
1584 1581 1514
1620 1514 1581
1587 1584 1514
1618 1615 1514
1620 1618 1514
1771 1753 1515
1783 1773 1516
1785 1783 1516
1531 1529 1517
2400 1522 1524
2397 1541 1521
2399 2397 1521
2402 1524 1526
2402 2400 1524
2404 1526 1528
2404 2402 1526
2406 1528 1530
2406 2404 1528
2408 1530 1533
2408 2406 1530
2388 1532 1535
2408 1533 2389
2391 1535 1537
2391 2388 1535
2393 1537 1539
2393 2391 1537
2395 1539 1541
1613 1611 1538
1615 1613 1538
2395 2393 1539
2397 2395 1541
2422 1544 1546
2419 1563 1543
2421 2419 1543
2424 1546 1548
2424 2422 1546
2426 1548 1550
2426 2424 1548
1633 1551 1549
2428 1550 1552
2428 2426 1550
1629 1553 1551
2430 1552 1555
1631 1629 1551
1633 1631 1551
2430 2428 1552
2410 1554 1557
1626 1587 1553
1629 1626 1553
2430 1555 2411
2413 1557 1559
2413 2410 1557
2415 1559 1561
2415 2413 1559
2417 1561 1563
2417 2415 1561
2419 2417 1563
2048 1566 1568
2050 1602 1565
2050 1565 2047
2085 1568 1570
2085 2048 1568
2083 1570 1572
2085 1570 2083
2081 1572 1574
2083 1572 2081
1622 1575 1573
2079 1574 1576
1624 1622 1573
2081 1574 2079
1622 1577 1575
2077 1576 1578
2079 1576 2077
1622 1579 1577
2075 1578 1580
2077 1578 2075
1620 1581 1579
2073 1580 1583
1622 1620 1579
2075 1580 2073
2070 1582 1586
2073 1583 2071
2067 1585 1588
2070 1586 2068
1646 1589 1587
2065 1588 1590
1646 1587 1626
2067 1588 2065
1644 1591 1589
2063 1590 1592
1646 1644 1589
2065 1590 2063
1642 1593 1591
2061 1592 1594
1644 1642 1591
2063 1592 2061
1640 1595 1593
2059 1594 1596
1642 1640 1593
2061 1594 2059
2057 1596 1598
1637 1635 1595
1640 1637 1595
2059 1596 2057
2055 1598 1600
2057 1598 2055
2053 1600 1603
2055 1600 2053
2053 1603 2051
2444 1606 1608
2441 1625 1605
2443 2441 1605
2446 1608 1610
2446 2444 1608
2448 1610 1612
2448 2446 1610
2450 1612 1614
2450 2448 1612
2452 1614 1617
2452 2450 1614
2432 1616 1619
2452 1617 2433
2435 1619 1621
2435 2432 1619
2437 1621 1623
2437 2435 1621
2439 1623 1625
2439 2437 1623
2441 2439 1625
2466 1628 1630
2463 1647 1627
2465 2463 1627
2468 1630 1632
2468 2466 1630
2470 1632 1634
2470 2468 1632
2472 1634 1636
2472 2470 1634
2474 1636 1639
2474 2472 1636
2454 1638 1641
2474 1639 2455
2457 1641 1643
2457 2454 1641
2459 1643 1645
2459 2457 1643
2461 1645 1647
2461 2459 1645
2463 2461 1647
1665 1651 1648
1760 1649 1652
1667 1665 1648
1720 1667 1648
1760 1749 1649
1762 1649 1749
1663 1654 1651
1764 1653 1655
1665 1663 1651
1764 1761 1653
1740 1659 1657
1829 1658 1660
1792 1694 1658
1743 1740 1657
1745 1743 1657
1829 1792 1658
1832 1660 1662
1740 1738 1659
1832 1829 1660
1837 1662 1664
1834 1832 1662
1837 1834 1662
1844 1664 1666
1839 1837 1664
1842 1839 1664
1844 1842 1664
1852 1666 1668
1847 1844 1666
1849 1847 1666
1852 1849 1666
1729 1669 1667
1810 1668 1670
1716 1713 1667
1729 1667 1713
1718 1716 1667
1720 1718 1667
1852 1668 1810
1780 1670 1673
1813 1670 1780
1813 1810 1670
1777 1672 1675
1780 1673 1778
1809 1675 1677
1809 1777 1675
1807 1677 1679
1809 1677 1807
1805 1679 1681
1807 1679 1805
1803 1681 1683
1805 1681 1803
1801 1683 1685
1803 1683 1801
1799 1685 1687
1801 1685 1799
1797 1687 1689
1799 1687 1797
1797 1689 1691
1795 1692 1694
1797 1691 1794
1795 1694 1792
2337 1697 1699
2334 1712 1696
2336 2334 1696
2340 1699 1701
2340 2337 1699
2342 1701 1703
2342 2340 1701
2342 1703 1706
2328 1705 1708
2342 1706 2329
2332 1708 1710
2332 2328 1708
2334 1710 1712
2334 2332 1710
2357 1715 1717
2354 1730 1714
2356 2354 1714
2360 1717 1719
2360 2357 1717
2362 1719 1721
2362 2360 1719
2362 1721 1724
2348 1723 1726
2362 1724 2349
2352 1726 1728
2352 2348 1726
2354 1728 1730
2354 2352 1728
2377 1733 1735
2374 1748 1732
2376 2374 1732
2380 1735 1737
2380 2377 1735
2382 1737 1739
2382 2380 1737
2382 1739 1742
2368 1741 1744
2382 1742 2369
2372 1744 1746
2372 2368 1744
2374 1746 1748
2374 2372 1746
1760 1752 1749
1774 1751 1754
1774 1763 1751
1759 1753 1756
1760 1755 1752
1770 1753 1759
1770 1768 1753
1774 1754 1772
1760 1757 1755
1765 1758 1761
1766 1758 1765
1769 1758 1766
1765 1761 1764
1781 1775 1773
1783 1781 1773
1781 1779 1775
1813 1780 1782
1816 1782 1784
1816 1813 1782
1818 1784 1786
1818 1816 1784
1822 1786 1788
1820 1818 1786
1822 1820 1786
1824 1788 1790
1824 1822 1788
1826 1790 1792
1826 1824 1790
1829 1826 1792
1875 1811 1814
1878 1853 1812
1877 1811 1875
1876 1815 1817
2172 1817 1819
1874 1817 1871
2170 1871 1817
1876 1817 1874
2172 2170 1817
2176 1819 1821
2174 2172 1819
2176 2174 1819
2178 1821 1823
2178 2176 1821
2182 1823 1825
2180 2178 1823
2182 2180 1823
2155 1825 1828
2186 1825 2155
2184 2182 1825
2186 2184 1825
1884 1827 1831
2154 1827 1884
1883 1830 1833
1889 1833 1835
1885 1883 1833
1887 1885 1833
1889 1887 1833
2012 1836 1838
1936 1889 1835
2010 1937 1836
2012 2010 1836
2012 1838 1840
2015 1841 1843
2014 2012 1840
2015 1843 1846
2021 1845 1848
2022 2015 1846
2025 1848 1851
2025 2021 1848
1916 1850 1853
2027 1851 1917
2027 2025 1851
1882 1855 1853
1994 1853 1855
1880 1853 1878
1882 1853 1880
1949 1853 1908
1987 1908 1853
1918 1916 1853
1949 1918 1853
1990 1987 1853
1992 1990 1853
1994 1992 1853
1864 1856 1854
1978 1855 1857
1866 1864 1854
1881 1866 1854
1994 1855 1978
1861 1858 1856
1910 1857 1859
1864 1861 1856
1978 1857 1910
2189 1860 1863
1914 1910 1859
2189 1915 1860
2270 1862 1865
2270 2188 1862
2270 1865 1867
1881 1868 1866
2270 1867 1869
1881 1870 1868
2272 1869 1872
2272 2270 1869
1879 1873 1870
1881 1879 1870
2274 1872 2171
2274 2272 1872
1877 1875 1873
1879 1877 1873
2156 1884 1886
2156 2154 1884
2158 1886 1888
2158 2156 1886
2161 1888 1890
2161 2158 1888
1900 1891 1889
2163 1890 1892
1969 1900 1889
1972 1889 1936
1972 1969 1889
2163 2161 1890
1900 1893 1891
2165 1892 1894
2165 2163 1892
1898 1896 1893
2169 1895 1897
1900 1898 1893
2167 2165 1894
2217 1897 1899
2217 2169 1897
2215 1899 1901
2217 1899 2215
1963 1902 1900
2211 1901 1903
1965 1963 1900
1967 1965 1900
1969 1967 1900
2213 1901 2211
2215 1901 2213
1958 1904 1902
2207 1903 1905
1938 1902 1934
1960 1934 1902
1958 1902 1938
1963 1960 1902
2209 1903 2207
2211 1903 2209
1954 1906 1904
2203 1905 1907
1956 1954 1904
1958 1956 1904
2205 1905 2203
2207 1905 2205
1949 1908 1906
2201 1907 1909
1952 1949 1906
1954 1952 1906
2203 1907 2201
1981 1910 1908
2199 1909 1911
1983 1981 1908
1985 1983 1908
1987 1985 1908
2201 1909 2199
1914 1912 1910
2195 1911 1913
1981 1978 1910
2197 1911 2195
2199 1911 2197
2191 1913 1915
2193 1913 2191
2195 1913 2193
2191 1915 2189
2027 1917 1919
1947 1920 1918
2029 1919 1921
1949 1947 1918
2029 2027 1919
1947 1922 1920
2038 1921 1923
2033 2029 1921
2035 2033 1921
2038 2035 1921
1945 1924 1922
2038 1923 1926
1947 1945 1922
1943 1927 1924
2018 1925 1929
1945 1943 1924
2038 1926 2019
1941 1930 1927
1996 1928 1931
1943 1941 1927
2018 1929 1997
1941 1932 1930
1999 1931 1933
1999 1996 1931
1938 1934 1932
2001 1933 1935
1941 1938 1932
2001 1999 1933
1960 1936 1934
2006 1935 1937
2004 2001 1935
2006 2004 1935
1976 1936 1960
1974 1972 1936
1976 1974 1936
2010 2006 1937
2307 1939 1942
2310 1959 1940
2310 1940 2308
2327 1942 1944
2327 2307 1942
2325 1944 1946
2327 1944 2325
2323 1946 1948
2325 1946 2323
2321 1948 1950
2323 1948 2321
2319 1951 1953
2321 1950 2318
2316 1953 1955
2319 1953 2316
2314 1955 1957
2316 1955 2314
2312 1957 1959
2314 1957 2312
2312 1959 2310
2219 1961 1964
2222 1977 1962
2222 1962 2220
2235 1964 1966
2235 2219 1964
2233 1966 1968
2235 1966 2233
2231 1968 1970
2233 1968 2231
2229 1971 1973
2231 1970 2228
2226 1973 1975
2229 1973 2226
2224 1975 1977
2226 1975 2224
2224 1977 2222
2237 1979 1982
2240 1995 1980
2240 1980 2238
2253 1982 1984
2253 2237 1982
2251 1984 1986
2253 1984 2251
2249 1986 1988
2251 1986 2249
2247 1989 1991
2249 1988 2246
2244 1991 1993
2247 1991 2244
2242 1993 1995
2244 1993 2242
2242 1995 2240
2127 1998 2000
2137 2020 1998
2129 1998 2127
2137 1998 2129
2125 2000 2003
2127 2000 2125
2120 2002 2005
2120 2118 2002
2122 2002 2118
2125 2003 2123
2120 2005 2007
2105 2007 2011
2108 2007 2105
2115 2009 2109
2117 2009 2115
2121 2009 2117
2103 2011 2013
2105 2011 2103
2101 2013 2017
2103 2013 2101
2040 2016 2023
2101 2017 2042
2135 2039 2020
2137 2135 2020
2045 2024 2026
2043 2040 2023
2099 2026 2028
2099 2045 2026
2097 2028 2030
2099 2028 2097
2132 2030 2034
2152 2097 2030
2140 2030 2132
2147 2032 2141
2153 2032 2147
2132 2034 2037
2133 2036 2039
2133 2131 2036
2135 2133 2039
2046 2041 2044
2084 2041 2046
2100 2041 2084
2049 2046 2044
2098 2049 2044
2098 2052 2049
2096 2054 2052
2098 2096 2052
2062 2056 2054
2096 2062 2054
2060 2058 2056
2062 2060 2056
2096 2064 2062
2089 2066 2064
2092 2089 2064
2094 2092 2064
2096 2094 2064
2086 2069 2066
2089 2086 2066
2106 2072 2069
2106 2069 2086
2104 2074 2072
2106 2104 2072
2082 2076 2074
2104 2082 2074
2080 2078 2076
2082 2080 2076
2104 2084 2082
2102 2100 2084
2104 2102 2084
2130 2088 2091
2126 2107 2087
2128 2126 2087
2138 2090 2093
2139 2130 2091
2136 2093 2095
2138 2093 2136
2134 2095 2097
2136 2095 2134
2142 2134 2097
2144 2142 2097
2146 2144 2097
2148 2146 2097
2150 2148 2097
2152 2150 2097
2110 2105 2107
2110 2108 2105
2112 2110 2107
2114 2112 2107
2116 2114 2107
2118 2116 2107
2122 2118 2107
2124 2122 2107
2126 2124 2107
2113 2109 2111
2115 2109 2113
2121 2117 2119
2142 2132 2134
2142 2140 2132
2145 2141 2143
2147 2141 2145
2153 2147 2149
2153 2149 2151
2186 2155 2157
2186 2157 2159
2276 2160 2162
2187 2160 2171
2274 2171 2160
2276 2274 2160
2276 2162 2164
2276 2164 2166
2276 2166 2168
2278 2168 2216
2278 2276 2168
2187 2171 2173
2183 2173 2175
2185 2173 2183
2187 2173 2185
2181 2175 2177
2183 2175 2181
2181 2177 2179
2236 2190 2188
2239 2236 2188
2241 2239 2188
2243 2241 2188
2267 2243 2188
2270 2267 2188
2252 2192 2190
2252 2190 2236
2265 2194 2192
2252 2250 2192
2265 2192 2250
2263 2196 2194
2265 2263 2194
2261 2198 2196
2263 2261 2196
2204 2200 2198
2206 2204 2198
2261 2206 2198
2204 2202 2200
2261 2208 2206
2259 2210 2208
2261 2259 2208
2257 2212 2210
2259 2257 2210
2227 2214 2212
2230 2227 2212
2232 2230 2212
2234 2232 2212
2254 2234 2212
2257 2254 2212
2225 2216 2214
2227 2225 2214
2225 2223 2216
2278 2216 2223
2278 2221 2218
2254 2218 2234
2278 2218 2254
2278 2223 2221
2267 2245 2243
2265 2248 2245
2267 2265 2245
2265 2250 2248
2294 2256 2258
2291 2279 2255
2293 2291 2255
2296 2258 2260
2296 2294 2258
2298 2260 2262
2298 2296 2260
2300 2262 2264
2300 2298 2262
2302 2264 2266
2302 2300 2264
2304 2266 2269
2304 2302 2266
2280 2268 2271
2304 2269 2281
2283 2271 2273
2283 2280 2271
2285 2273 2275
2285 2283 2273
2287 2275 2277
2287 2285 2275
2289 2277 2279
2289 2287 2277
2291 2289 2279
2317 2282 2284
2315 2305 2282
2317 2315 2282
2322 2284 2286
2320 2317 2284
2322 2320 2284
2290 2286 2288
2324 2286 2290
2324 2322 2286
2324 2290 2292
2326 2292 2295
2326 2324 2292
2306 2295 2297
2326 2295 2306
2311 2297 2299
2309 2306 2297
2311 2309 2297
2303 2299 2301
2313 2299 2303
2313 2311 2299
2313 2303 2305
2315 2313 2305
2346 2331 2333
2344 2343 2330
2346 2333 2335
2346 2335 2339
2344 2338 2341
2344 2341 2343
2366 2351 2353
2364 2363 2350
2366 2353 2355
2366 2355 2359
2364 2358 2361
2364 2361 2363
2386 2371 2373
2384 2383 2370
2386 2373 2375
2386 2375 2379
2384 2378 2381
2384 2381 2383
2409 2390 2392
2407 2392 2394
2409 2392 2407
2405 2394 2396
2407 2394 2405
2403 2396 2398
2405 2396 2403
2403 2398 2401
2431 2412 2414
2429 2414 2416
2431 2414 2429
2427 2416 2418
2429 2416 2427
2425 2418 2420
2427 2418 2425
2425 2420 2423
2453 2434 2436
2451 2436 2438
2453 2436 2451
2449 2438 2440
2451 2438 2449
2447 2440 2442
2449 2440 2447
2447 2442 2445
2475 2456 2458
2473 2458 2460
2475 2458 2473
2471 2460 2462
2473 2460 2471
2469 2462 2464
2471 2462 2469
2469 2464 2467
2531 2479 2476
2661 2477 2480
2569 2532 2478
2659 2568 2477
2661 2659 2477
2543 2482 2479
2789 2481 2483
2543 2479 2531
2632 2480 2586
2789 2587 2481
2661 2480 2632
2541 2485 2482
2779 2483 2487
2543 2541 2482
2789 2483 2779
2539 2488 2485
2768 2486 2489
2541 2539 2485
2771 2486 2768
2778 2486 2771
2537 2491 2488
2766 2489 2494
2539 2537 2488
2768 2489 2766
2537 2495 2491
2738 2492 2496
2776 2493 2739
2776 2765 2493
2534 2497 2495
2741 2496 2498
2537 2534 2495
2741 2738 2496
2566 2499 2497
2743 2498 2500
2566 2497 2534
2743 2741 2498
2566 2501 2499
2745 2500 2502
2745 2743 2500
2564 2503 2501
2747 2502 2504
2566 2564 2501
2747 2745 2502
2562 2505 2503
2749 2504 2506
2564 2562 2503
2749 2747 2504
2509 2507 2505
2751 2506 2508
2560 2509 2505
2562 2560 2505
2751 2749 2506
2753 2508 2510
2753 2751 2508
2558 2511 2509
2755 2510 2512
2560 2558 2509
2755 2753 2510
2556 2513 2511
2757 2512 2514
2558 2556 2511
2757 2755 2512
2554 2515 2513
2759 2514 2516
2556 2554 2513
2759 2757 2514
2551 2517 2515
2759 2516 2518
2554 2551 2515
2549 2519 2517
2761 2518 2520
2551 2549 2517
2761 2759 2518
2549 2521 2519
2763 2520 2524
2763 2761 2520
2547 2525 2521
2728 2522 2526
2549 2547 2521
2730 2523 2729
2763 2524 2731
2547 2528 2525
2714 2526 2530
2725 2526 2714
2728 2526 2725
2545 2531 2528
2708 2529 2532
2547 2545 2528
2713 2529 2708
2545 2543 2531
2708 2532 2569
3217 2535 2538
3220 2567 2536
3220 2536 3218
3247 2538 2540
3249 3217 2538
3249 2538 3247
3245 2540 2542
3247 2540 3245
3245 2542 2544
3243 2544 2546
3245 2544 3243
3239 2546 2548
3241 2546 3239
3243 2546 3241
3237 2548 2550
3239 2548 3237
3237 2550 2552
3235 2553 2555
3237 2552 3234
3230 2555 2557
3232 2555 3230
3235 2555 3232
3228 2557 2559
3230 2557 3228
3228 2559 2561
3226 2561 2563
3228 2561 3226
3222 2563 2565
3224 2563 3222
3226 2563 3224
3220 2565 2567
3222 2565 3220
2655 2570 2568
2709 2569 2571
2657 2655 2568
2659 2657 2568
2709 2708 2569
2575 2572 2570
2710 2571 2573
2655 2575 2570
2710 2709 2571
2722 2574 2577
2722 2712 2574
2617 2578 2575
2820 2576 2580
2595 2593 2575
2697 2575 2593
2597 2595 2575
2599 2597 2575
2655 2599 2575
2671 2617 2575
2673 2671 2575
2675 2673 2575
2693 2675 2575
2695 2693 2575
2697 2695 2575
2737 2722 2577
2816 2736 2576
2818 2816 2576
2820 2818 2576
2613 2581 2578
2774 2579 2583
2615 2613 2578
2617 2615 2578
2820 2580 2775
2610 2584 2581
2785 2582 2585
2613 2610 2581
2787 2774 2583
2637 2586 2584
2788 2585 2587
2639 2584 2610
2639 2637 2584
2788 2785 2585
2635 2632 2586
2637 2635 2586
2789 2788 2587
2648 2591 2588
3276 2590 2592
2648 2588 2608
3273 2609 2589
3275 3273 2589
2648 2593 2591
3278 2592 2594
3278 3276 2592
3280 2594 2596
2697 2593 2648
3280 3278 2594
3282 2596 2598
3282 3280 2596
3284 2598 2601
3284 3282 2598
2653 2602 2599
3264 2600 2603
2655 2653 2599
3284 2601 3265
2653 2604 2602
3267 2603 2605
3267 3264 2603
2653 2606 2604
3269 2605 2607
3269 3267 2605
2651 2608 2606
3271 2607 2609
2653 2651 2606
3271 3269 2607
2651 2648 2608
3273 3271 2609
3298 2612 2614
2639 2610 2630
3295 2631 2611
3297 3295 2611
3300 2614 2616
3300 3298 2614
3302 2616 2618
3302 3300 2616
2671 2619 2617
3304 2618 2620
3304 3302 2618
2669 2621 2619
3306 2620 2623
2671 2669 2619
3306 3304 2620
2645 2624 2621
3286 2622 2625
2667 2645 2621
2669 2667 2621
3306 2623 3287
2643 2626 2624
3289 2625 2627
2645 2643 2624
3289 3286 2625
2643 2628 2626
3291 2627 2629
3291 3289 2627
2641 2630 2628
3293 2629 2631
2643 2641 2628
3293 3291 2629
2641 2639 2630
3295 3293 2631
3100 2634 2636
3102 2662 2633
3102 2633 3099
3129 2636 2638
3129 3100 2636
3127 2638 2640
3129 2638 3127
3125 2640 2642
3127 2640 3125
3123 2642 2644
3125 2642 3123
3121 2644 2647
3123 2644 3121
2704 2648 2645
3118 2646 2650
2667 2664 2645
2684 2645 2664
2684 2682 2645
2686 2645 2682
2706 2645 2686
2706 2704 2645
3121 2647 3119
3115 2649 2652
2700 2697 2648
2702 2700 2648
2704 2702 2648
3118 2650 3116
3113 2652 2654
3115 2652 3113
3111 2654 2656
3113 2654 3111
3109 2656 2658
3111 2656 3109
3107 2658 2660
3109 2658 3107
3105 2660 2663
3107 2660 3105
3105 2663 3103
3319 2666 2668
3316 2685 2665
3318 3316 2665
3322 2668 2670
3322 3319 2668
3324 2670 2672
3324 3322 2670
3324 2672 2674
3326 2674 2677
3326 3324 2674
2686 2678 2675
3308 2676 2679
2689 2686 2675
2691 2689 2675
2693 2691 2675
3326 2677 3309
2686 2680 2678
3312 2679 2681
3312 3308 2679
2686 2682 2680
3314 2681 2683
3314 3312 2681
3314 2683 2685
3316 3314 2685
3343 2688 2690
3340 2707 2687
3342 3340 2687
3346 2690 2692
3346 3343 2690
3348 2692 2694
3348 3346 2692
3348 2694 2696
3350 2696 2699
3350 3348 2696
3332 2698 2701
3350 2699 3333
3336 2701 2703
3336 3332 2701
3338 2703 2705
3338 3336 2703
3338 2705 2707
3340 3338 2707
2713 2708 2709
2715 2709 2710
2715 2713 2709
2718 2715 2710
2722 2719 2712
2723 2714 2716
2723 2720 2714
2725 2714 2720
2722 2717 2719
2724 2717 2722
2733 2727 2721
2735 2733 2721
2733 2729 2727
2733 2730 2729
2812 2732 2734
2812 2764 2732
2814 2734 2736
2814 2812 2734
2816 2814 2736
2824 2740 2742
2822 2777 2740
2824 2822 2740
2824 2742 2744
2792 2744 2746
2824 2744 2792
2795 2746 2748
2795 2792 2746
2797 2748 2750
2797 2795 2748
2801 2750 2752
2799 2797 2750
2801 2799 2750
2801 2752 2754
2801 2754 2756
2803 2756 2758
2803 2801 2756
2807 2758 2760
2805 2803 2758
2807 2805 2758
2807 2760 2762
2809 2762 2764
2809 2807 2762
2812 2809 2764
2773 2767 2765
2776 2773 2765
2773 2770 2767
2784 2772 2774
2783 2778 2771
2822 2775 2777
2784 2774 2782
2791 2782 2774
2791 2774 2787
2822 2820 2775
2783 2780 2778
2788 2779 2781
2789 2779 2788
2790 2788 2781
2790 2785 2788
2844 2794 2796
2841 2825 2793
2843 2841 2793
2848 2796 2798
2846 2844 2796
2848 2846 2796
2850 2798 2800
2850 2848 2798
2850 2800 2802
2852 2802 2804
2852 2850 2802
2856 2804 2806
2854 2852 2804
2856 2854 2804
2858 2806 2808
2858 2856 2806
2858 2808 2811
2826 2810 2813
2858 2811 2827
2831 2813 2815
2829 2826 2813
2831 2829 2813
2833 2815 2817
2833 2831 2815
2833 2817 2819
2835 2819 2821
2835 2833 2819
2839 2821 2823
2837 2835 2821
2839 2837 2821
2841 2823 2825
2841 2839 2823
2859 2828 2830
2880 2830 2832
2877 2859 2830
2880 2877 2830
2882 2832 2834
2882 2880 2832
2884 2834 2836
2884 2882 2834
2886 2836 2838
2886 2884 2836
2890 2838 2840
2888 2886 2838
2890 2888 2838
2892 2840 2842
2892 2890 2840
2847 2842 2845
2860 2842 2847
2892 2842 2860
2863 2847 2849
2863 2860 2847
2865 2849 2851
2865 2863 2849
2867 2851 2853
2867 2865 2851
2869 2853 2855
2869 2867 2853
2873 2855 2857
2871 2869 2855
2873 2871 2855
2875 2857 2859
2875 2873 2857
2877 2875 2859
2913 2862 2864
2909 2893 2861
2911 2909 2861
2925 2864 2866
2927 2913 2864
2927 2864 2925
2923 2866 2868
2925 2866 2923
2921 2868 2870
2923 2868 2921
2919 2870 2872
2921 2870 2919
2917 2872 2874
2919 2872 2917
2915 2874 2876
2917 2874 2915
2915 2876 2879
2894 2878 2881
2915 2879 2896
2899 2881 2883
2897 2894 2881
2899 2897 2881
2901 2883 2885
2901 2899 2883
2903 2885 2887
2903 2901 2885
2905 2887 2889
2905 2903 2887
2907 2889 2891
2907 2905 2889
2909 2891 2893
2909 2907 2891
2914 2895 2898
2931 2898 2900
2928 2914 2898
2931 2928 2898
2933 2900 2902
2933 2931 2900
2935 2902 2904
2935 2933 2902
2937 2904 2906
2937 2935 2904
2941 2906 2908
2939 2937 2906
2941 2939 2906
2943 2908 2910
2943 2941 2908
2926 2910 2912
2945 2910 2926
2945 2943 2910
2960 2916 2914
2960 2914 2928
2958 2918 2916
2960 2958 2916
2954 2920 2918
2956 2954 2918
2958 2956 2918
2952 2922 2920
2954 2952 2920
2950 2924 2922
2952 2950 2922
2948 2926 2924
2950 2948 2924
2948 2945 2926
2981 2930 2932
2977 2961 2929
2979 2977 2929
2993 2932 2934
2995 2981 2932
2995 2932 2993
2991 2934 2936
2993 2934 2991
2989 2936 2938
2991 2936 2989
2987 2938 2940
2989 2938 2987
2985 2940 2942
2987 2940 2985
2983 2942 2944
2985 2942 2983
2983 2944 2947
2962 2946 2949
2983 2947 2964
2967 2949 2951
2965 2962 2949
2967 2965 2949
2969 2951 2953
2969 2967 2951
2971 2953 2955
2971 2969 2953
2973 2955 2957
2973 2971 2955
2975 2957 2959
2975 2973 2957
2977 2959 2961
2977 2975 2959
2996 2963 2966
3024 2982 2963
3024 2963 2996
2999 2966 2968
2999 2996 2966
3003 2968 2970
3001 2999 2968
3003 3001 2968
2974 2970 2972
3005 2970 2974
3005 3003 2970
3005 2974 2976
3007 2976 2978
3007 3005 2976
3009 2978 2980
3009 3007 2978
3011 2980 2994
3011 3009 2980
3022 2984 2982
3024 3022 2982
3020 2986 2984
3022 3020 2984
2990 2988 2986
3020 2990 2986
3018 2992 2990
3020 3018 2990
3014 2994 2992
3016 3014 2992
3018 3016 2992
3014 3011 2994
3043 2998 3000
3039 3025 2997
3041 3039 2997
3095 3000 3002
3097 3043 3000
3097 3000 3095
3093 3002 3004
3095 3002 3093
3091 3004 3006
3093 3004 3091
3089 3006 3008
3091 3006 3089
3087 3008 3010
3089 3008 3087
3087 3010 3013
3026 3012 3015
3087 3013 3028
3031 3015 3017
3029 3026 3015
3031 3029 3015
3033 3017 3019
3033 3031 3017
3035 3019 3021
3035 3033 3019
3037 3021 3023
3037 3035 3021
3039 3023 3025
3039 3037 3023
3076 3027 3030
3076 3074 3027
3086 3027 3074
3081 3030 3032
3079 3076 3030
3081 3079 3030
3081 3032 3034
3050 3034 3036
3083 3034 3050
3083 3081 3034
3050 3036 3038
3053 3038 3040
3053 3050 3038
3055 3040 3042
3055 3053 3040
3057 3055 3042
3096 3057 3042
3083 3047 3044
3114 3045 3048
3131 3084 3046
3114 3112 3045
3130 3045 3112
3083 3050 3047
3184 3049 3052
3117 3114 3048
3154 3117 3048
3184 3155 3049
3183 3051 3054
3178 3054 3056
3178 3176 3054
3190 3054 3176
3185 3183 3054
3187 3185 3054
3190 3187 3054
3178 3056 3058
3096 3060 3057
3182 3059 3061
3180 3178 3058
3096 3062 3060
3263 3061 3063
3263 3182 3061
3092 3064 3062
3261 3063 3065
3094 3092 3062
3096 3094 3062
3263 3063 3261
3070 3066 3064
3259 3065 3067
3090 3070 3064
3092 3090 3064
3261 3065 3259
3070 3068 3066
3257 3067 3069
3259 3067 3257
3255 3069 3071
3257 3069 3255
3090 3072 3070
3253 3071 3073
3255 3071 3253
3088 3074 3072
3251 3073 3075
3090 3088 3072
3253 3073 3251
3251 3075 3078
3088 3086 3074
3163 3077 3080
3251 3078 3165
3166 3080 3082
3166 3163 3080
3157 3082 3085
3159 3082 3157
3161 3082 3159
3168 3082 3161
3168 3166 3082
3156 3084 3131
3140 3101 3098
3143 3098 3128
3143 3140 3098
3138 3104 3101
3140 3138 3101
3112 3106 3104
3135 3112 3104
3138 3135 3104
3110 3108 3106
3112 3110 3106
3132 3130 3112
3135 3132 3112
3154 3120 3117
3128 3122 3120
3151 3128 3120
3154 3151 3120
3126 3124 3122
3128 3126 3122
3146 3143 3128
3148 3146 3128
3151 3148 3128
3158 3131 3133
3158 3156 3131
3215 3134 3137
3160 3158 3133
3215 3162 3134
3214 3136 3139
3210 3139 3142
3212 3139 3210
3214 3139 3212
3205 3141 3145
3207 3141 3205
3210 3142 3208
3198 3144 3147
3201 3145 3199
3203 3145 3201
3205 3145 3203
3194 3147 3150
3196 3147 3194
3198 3147 3196
3189 3149 3153
3191 3149 3189
3194 3150 3192
3188 3152 3155
3186 3155 3184
3188 3155 3186
3213 3168 3161
3233 3164 3167
3233 3231 3164
3250 3164 3231
3236 3167 3169
3236 3233 3167
3206 3170 3168
3238 3169 3171
3209 3206 3168
3211 3209 3168
3213 3211 3168
3238 3236 3169
3202 3172 3170
3240 3171 3173
3204 3202 3170
3206 3204 3170
3240 3238 3171
3200 3174 3172
3244 3173 3175
3202 3200 3172
3242 3240 3173
3244 3242 3173
3197 3176 3174
3246 3175 3177
3200 3197 3174
3246 3244 3175
3248 3177 3179
3193 3190 3176
3195 3193 3176
3197 3195 3176
3248 3246 3177
3248 3179 3181
3248 3181 3216
3262 3216 3181
3262 3219 3216
3260 3221 3219
3262 3260 3219
3258 3223 3221
3260 3258 3221
3256 3225 3223
3258 3256 3223
3256 3227 3225
3254 3229 3227
3256 3254 3227
3252 3231 3229
3254 3252 3229
3252 3250 3231
3285 3266 3268
3283 3268 3270
3285 3268 3283
3281 3270 3272
3283 3270 3281
3279 3272 3274
3281 3272 3279
3279 3274 3277
3307 3288 3290
3305 3290 3292
3307 3290 3305
3303 3292 3294
3305 3292 3303
3301 3294 3296
3303 3294 3301
3301 3296 3299
3330 3311 3313
3328 3327 3310
3330 3313 3315
3330 3315 3317
3330 3317 3321
3328 3320 3323
3328 3323 3325
3328 3325 3327
3354 3335 3337
3352 3351 3334
3354 3337 3339
3354 3339 3341
3354 3341 3345
3352 3344 3347
3352 3347 3349
3352 3349 3351
3402 3359 3356
3419 3358 3360
3382 3356 3380
3416 3381 3357
3402 3356 3382
3418 3416 3357
3400 3361 3359
3424 3360 3362
3402 3400 3359
3422 3419 3360
3424 3422 3360
3365 3363 3361
3424 3362 3364
3400 3365 3361
3426 3364 3366
3426 3424 3364
3398 3367 3365
3428 3366 3368
3400 3398 3365
3428 3426 3366
3393 3369 3367
3430 3368 3371
3396 3393 3367
3398 3396 3367
3430 3428 3368
3391 3372 3369
3404 3370 3373
3393 3391 3369
3430 3371 3405
3389 3374 3372
3410 3373 3375
3391 3389 3372
3408 3404 3373
3410 3408 3373
3378 3376 3374
3410 3375 3377
3389 3378 3374
3412 3377 3379
3412 3410 3377
3387 3380 3378
3414 3379 3381
3389 3387 3378
3414 3412 3379
3385 3382 3380
3387 3385 3380
3416 3414 3381
3917 3384 3386
3919 3403 3383
3919 3383 3916
3913 3386 3388
3917 3386 3913
3911 3388 3390
3913 3388 3911
3909 3390 3392
3911 3390 3909
3907 3392 3395
3909 3392 3907
3904 3394 3397
3907 3395 3905
3925 3397 3399
3925 3904 3397
3923 3399 3401
3925 3399 3923
3921 3401 3403
3923 3401 3921
3921 3403 3919
3446 3407 3409
3443 3431 3406
3445 3443 3406
3448 3409 3411
3448 3446 3409
3450 3411 3413
3450 3448 3411
3452 3413 3415
3452 3450 3413
3454 3415 3417
3454 3452 3415
3456 3417 3421
3456 3454 3417
3432 3420 3423
3456 3421 3433
3435 3423 3425
3435 3432 3423
3437 3425 3427
3437 3435 3425
3439 3427 3429
3439 3437 3427
3441 3429 3431
3441 3439 3429
3443 3441 3431
3461 3434 3436
3484 3457 3434
3484 3434 3461
3463 3436 3438
3463 3461 3436
3465 3438 3440
3465 3463 3438
3467 3440 3442
3467 3465 3440
3469 3442 3444
3469 3467 3442
3469 3444 3447
3476 3447 3449
3476 3469 3447
3478 3449 3451
3478 3476 3449
3480 3451 3453
3480 3478 3451
3482 3453 3455
3482 3480 3453
3484 3455 3457
3484 3482 3455
3486 3461 3458
3504 3460 3462
3501 3487 3459
3503 3501 3459
3506 3462 3464
3486 3484 3461
3506 3504 3462
3508 3464 3466
3508 3506 3464
3510 3466 3468
3510 3508 3466
3512 3468 3470
3512 3510 3468
3476 3471 3469
3514 3470 3472
3514 3512 3470
3476 3473 3471
3516 3472 3475
3516 3514 3472
3488 3474 3477
3516 3475 3489
3491 3477 3479
3491 3488 3477
3493 3479 3481
3493 3491 3479
3495 3481 3483
3495 3493 3481
3497 3483 3485
3497 3495 3483
3499 3485 3487
3499 3497 3485
3501 3499 3487
3569 3490 3492
3567 3517 3490
3569 3567 3490
3573 3492 3494
3571 3569 3492
3573 3571 3492
3576 3494 3496
3576 3573 3494
3541 3496 3498
3576 3496 3541
3544 3498 3500
3544 3541 3498
3546 3500 3502
3546 3544 3500
3549 3502 3505
3549 3546 3502
3551 3505 3507
3551 3549 3505
3553 3507 3509
3553 3551 3507
3553 3509 3511
3565 3511 3513
3555 3553 3511
3565 3555 3511
3565 3513 3515
3567 3515 3517
3567 3565 3515
3533 3521 3518
3621 3520 3522
3535 3533 3518
3607 3535 3518
3607 3518 3581
3623 3582 3519
3623 3519 3620
3530 3523 3521
3629 3522 3524
3533 3530 3521
3629 3621 3522
3528 3526 3523
3627 3525 3527
3530 3528 3523
3629 3524 3626
3634 3527 3529
3634 3627 3527
3636 3529 3531
3636 3634 3529
3632 3532 3534
3636 3531 3631
3638 3534 3536
3638 3632 3534
3607 3538 3535
3641 3537 3539
3640 3638 3536
3584 3541 3538
3645 3540 3543
3587 3584 3538
3589 3587 3538
3607 3589 3538
3643 3641 3539
3686 3542 3545
3578 3576 3541
3598 3578 3541
3600 3541 3584
3600 3598 3541
3687 3645 3543
3684 3545 3548
3686 3545 3684
3681 3547 3550
3684 3548 3682
3679 3550 3552
3681 3550 3679
3677 3552 3554
3679 3552 3677
3673 3554 3556
3675 3554 3673
3677 3554 3675
3563 3557 3555
3671 3556 3558
3565 3563 3555
3673 3556 3671
3561 3559 3557
3669 3558 3560
3563 3561 3557
3671 3558 3669
3667 3560 3562
3669 3560 3667
3665 3562 3564
3667 3562 3665
3663 3564 3566
3665 3564 3663
3661 3566 3568
3663 3566 3661
3659 3568 3570
3661 3568 3659
3657 3570 3572
3659 3570 3657
3655 3572 3575
3657 3572 3655
3652 3574 3577
3655 3575 3653
3650 3577 3580
3652 3577 3650
3611 3581 3578
3647 3579 3583
3616 3578 3598
3614 3611 3578
3616 3614 3578
3650 3580 3648
3609 3607 3581
3611 3609 3581
3647 3583 3625
3981 3585 3588
3984 3601 3586
3984 3586 3982
3995 3588 3590
3997 3981 3588
3997 3588 3995
3605 3591 3589
3993 3590 3592
3607 3605 3589
3995 3590 3993
3602 3593 3591
3993 3592 3594
3605 3602 3591
3618 3596 3593
3991 3595 3597
3618 3593 3602
3993 3594 3990
3616 3598 3596
3986 3597 3599
3618 3616 3596
3988 3597 3986
3991 3597 3988
3984 3599 3601
3986 3599 3984
3941 3603 3606
3944 3619 3604
3944 3604 3942
3955 3606 3608
3957 3941 3606
3957 3606 3955
3953 3608 3610
3955 3608 3953
3953 3610 3612
3951 3613 3615
3953 3612 3950
3946 3615 3617
3948 3615 3946
3951 3615 3948
3944 3617 3619
3946 3617 3944
3695 3624 3622
3695 3622 3630
3722 3646 3624
3729 3624 3695
3725 3722 3624
3727 3725 3624
3729 3727 3624
3697 3630 3628
3635 3633 3628
3639 3628 3633
3697 3628 3639
3697 3695 3630
3637 3633 3635
3697 3639 3642
3753 3642 3644
3699 3697 3642
3751 3699 3642
3753 3751 3642
3755 3644 3685
3755 3753 3644
3691 3649 3646
3693 3691 3646
3740 3693 3646
3742 3646 3722
3742 3740 3646
3691 3651 3649
3691 3654 3651
3688 3656 3654
3691 3688 3654
3720 3658 3656
3720 3656 3688
3720 3660 3658
3718 3662 3660
3720 3718 3660
3716 3664 3662
3718 3716 3662
3668 3666 3664
3714 3668 3664
3716 3714 3664
3714 3670 3668
3710 3672 3670
3712 3710 3670
3714 3712 3670
3708 3674 3672
3710 3708 3672
3705 3676 3674
3708 3705 3674
3703 3678 3676
3705 3703 3676
3703 3680 3678
3701 3683 3680
3703 3701 3680
3701 3685 3683
3762 3685 3701
3758 3755 3685
3760 3758 3685
3762 3760 3685
3785 3690 3692
3782 3721 3689
3784 3782 3689
3790 3692 3694
3788 3785 3692
3790 3788 3692
3731 3695 3693
3790 3694 3696
3733 3731 3693
3736 3733 3693
3738 3736 3693
3740 3738 3693
3792 3696 3698
3731 3729 3695
3792 3790 3696
3794 3698 3700
3794 3792 3698
3762 3701 3699
3798 3700 3702
3747 3744 3699
3764 3699 3744
3749 3747 3699
3751 3749 3699
3764 3762 3699
3796 3794 3700
3798 3796 3700
3798 3702 3704
3800 3704 3707
3800 3798 3704
3766 3706 3709
3800 3707 3767
3772 3709 3711
3770 3766 3709
3772 3770 3709
3772 3711 3713
3774 3713 3715
3774 3772 3713
3776 3715 3717
3776 3774 3715
3780 3717 3719
3778 3776 3717
3780 3778 3717
3780 3719 3721
3782 3780 3721
3939 3724 3726
3935 3743 3723
3937 3935 3723
3965 3726 3728
3965 3939 3726
3963 3728 3730
3965 3728 3963
3961 3730 3732
3963 3730 3961
3959 3732 3735
3961 3732 3959
3926 3734 3737
3959 3735 3928
3929 3737 3739
3929 3926 3737
3931 3739 3741
3931 3929 3739
3933 3741 3743
3933 3931 3741
3935 3933 3743
3979 3746 3748
3975 3765 3745
3977 3975 3745
4005 3748 3750
4005 3979 3748
4003 3750 3752
4005 3750 4003
4001 3752 3754
4003 3752 4001
3999 3754 3757
4001 3754 3999
3966 3756 3759
3999 3757 3968
3969 3759 3761
3969 3966 3759
3971 3761 3763
3971 3969 3761
3973 3763 3765
3973 3971 3763
3975 3973 3765
3820 3769 3771
3817 3801 3768
3819 3817 3768
3822 3771 3773
3822 3820 3771
3824 3773 3775
3824 3822 3773
3826 3775 3777
3826 3824 3775
3828 3777 3779
3828 3826 3777
3832 3779 3781
3830 3828 3779
3832 3830 3779
3834 3781 3783
3834 3832 3781
3834 3783 3787
3802 3786 3789
3834 3787 3803
3805 3789 3791
3805 3802 3789
3807 3791 3793
3807 3805 3791
3809 3793 3795
3809 3807 3793
3811 3795 3797
3811 3809 3795
3815 3797 3799
3813 3811 3797
3815 3813 3797
3817 3799 3801
3817 3815 3799
3836 3804 3806
3856 3835 3804
3856 3804 3836
3841 3806 3808
3839 3836 3806
3841 3839 3806
3816 3808 3810
3818 3808 3816
3843 3808 3818
3843 3841 3808
3814 3810 3812
3816 3810 3814
3845 3818 3821
3845 3843 3818
3847 3821 3823
3847 3845 3821
3852 3823 3825
3850 3847 3823
3852 3850 3823
3833 3825 3827
3835 3825 3833
3854 3825 3835
3854 3852 3825
3831 3827 3829
3833 3827 3831
3856 3854 3835
3870 3838 3840
3867 3857 3837
3869 3867 3837
3872 3840 3842
3872 3870 3840
3874 3842 3844
3874 3872 3842
3876 3844 3846
3876 3874 3844
3878 3846 3849
3878 3876 3846
3858 3848 3851
3878 3849 3859
3861 3851 3853
3861 3858 3851
3863 3853 3855
3863 3861 3853
3865 3855 3857
3865 3863 3855
3867 3865 3857
3880 3860 3862
3880 3879 3860
3883 3862 3864
3883 3880 3862
3885 3864 3866
3885 3883 3864
3889 3866 3868
3887 3885 3866
3889 3887 3866
3891 3868 3871
3891 3889 3868
3891 3871 3873
3894 3873 3875
3894 3891 3873
3896 3875 3877
3896 3894 3875
3900 3877 3879
3898 3896 3877
3900 3898 3877
3900 3879 3880
3915 3882 3884
3912 3901 3881
3914 3912 3881
3918 3884 3886
3918 3915 3884
3920 3886 3888
3920 3918 3886
3922 3888 3890
3922 3920 3888
3924 3890 3893
3924 3922 3890
3902 3892 3895
3924 3893 3903
3906 3895 3897
3906 3902 3895
3908 3897 3899
3908 3906 3897
3910 3899 3901
3910 3908 3899
3912 3910 3901
3943 3927 3930
3956 3927 3943
3958 3927 3956
3943 3930 3932
3945 3932 3934
3945 3943 3932
3947 3934 3936
3947 3945 3934
3947 3936 3938
3952 3947 3938
3964 3952 3938
3956 3943 3940
3952 3949 3947
3962 3954 3952
3964 3962 3952
3960 3956 3954
3962 3960 3954
3960 3958 3956
3983 3967 3970
3996 3967 3983
3998 3967 3996
3983 3970 3972
3985 3972 3974
3985 3983 3972
3987 3974 3976
3987 3985 3974
3987 3976 3978
3992 3987 3978
4004 3992 3978
3996 3983 3980
3992 3989 3987
4002 3994 3992
4004 4002 3992
4000 3996 3994
4002 4000 3994
4000 3998 3996
4064 4009 4006
4092 4008 4010
4068 4006 4038
4089 4039 4007
4066 4064 4006
4068 4066 4006
4091 4089 4007
4062 4011 4009
4096 4010 4012
4064 4062 4009
4094 4092 4010
4096 4094 4010
4060 4013 4011
4098 4012 4014
4062 4060 4011
4098 4096 4012
4017 4015 4013
4098 4014 4016
4057 4017 4013
4060 4057 4013
4100 4016 4018
4100 4098 4016
4055 4019 4017
4104 4018 4020
4057 4055 4017
4102 4100 4018
4104 4102 4018
4053 4021 4019
4106 4020 4022
4055 4053 4019
4106 4104 4020
4051 4023 4021
4106 4022 4025
4053 4051 4021
4047 4026 4023
4074 4024 4027
4049 4047 4023
4051 4049 4023
4106 4025 4075
4045 4028 4026
4079 4027 4029
4047 4045 4026
4077 4074 4027
4079 4077 4027
4043 4030 4028
4081 4029 4031
4045 4043 4028
4081 4079 4029
4034 4032 4030
4081 4031 4033
4040 4034 4030
4043 4040 4030
4083 4033 4035
4083 4081 4033
4072 4036 4034
4087 4035 4037
4072 4034 4040
4085 4083 4035
4087 4085 4035
4070 4038 4036
4089 4037 4039
4072 4070 4036
4089 4087 4037
4070 4068 4038
4126 4042 4044
4123 4073 4041
4125 4123 4041
4130 4044 4046
4128 4126 4044
4130 4128 4044
4132 4046 4048
4132 4130 4046
4132 4048 4050
4134 4050 4052
4134 4132 4050
4138 4052 4054
4136 4134 4052
4138 4136 4052
4140 4054 4056
4140 4138 4054
4140 4056 4059
4108 4058 4061
4140 4059 4109
4113 4061 4063
4111 4108 4061
4113 4111 4061
4115 4063 4065
4115 4113 4063
4115 4065 4067
4117 4067 4069
4117 4115 4067
4121 4069 4071
4119 4117 4069
4121 4119 4069
4123 4071 4073
4123 4121 4071
4093 4076 4078
4095 4076 4093
4107 4076 4095
4090 4078 4080
4093 4078 4090
4088 4080 4082
4090 4080 4088
4086 4082 4084
4088 4082 4086
4107 4095 4097
4105 4097 4099
4107 4097 4105
4103 4099 4101
4105 4099 4103
4127 4110 4112
4129 4110 4127
4141 4110 4129
4124 4112 4114
4127 4112 4124
4122 4114 4116
4124 4114 4122
4120 4116 4118
4122 4116 4120
4141 4129 4131
4139 4131 4133
4141 4131 4139
4137 4133 4135
4139 4133 4137
4222 4145 4142
4363 4144 4146
4241 4223 4143
4243 4241 4143
4248 4243 4143
4363 4249 4144
4190 4148 4145
4364 4147 4149
4192 4190 4145
4222 4192 4145
4190 4150 4148
4361 4149 4151
4364 4149 4361
4190 4152 4150
4359 4151 4153
4361 4151 4359
4190 4154 4152
4357 4153 4155
4359 4153 4357
4190 4157 4154
4406 4156 4158
4351 4293 4156
4355 4156 4293
4406 4351 4156
4357 4155 4354
4190 4160 4157
4349 4159 4161
4349 4352 4407
4407 4159 4349
4180 4162 4160
4345 4161 4163
4188 4180 4160
4190 4188 4160
4347 4161 4345
4349 4161 4347
4170 4164 4162
4341 4163 4165
4173 4170 4162
4176 4173 4162
4178 4176 4162
4180 4178 4162
4343 4163 4341
4345 4163 4343
4168 4166 4164
4337 4165 4167
4170 4168 4164
4339 4165 4337
4341 4165 4339
4335 4167 4169
4337 4167 4335
4333 4169 4171
4335 4169 4333
4410 4172 4174
4408 4333 4171
4410 4409 4172
4412 4175 4177
4421 4177 4179
4421 4412 4177
4419 4179 4181
4421 4179 4419
4188 4182 4180
4417 4181 4184
4419 4181 4417
4188 4185 4182
4283 4183 4187
4286 4183 4283
4323 4183 4286
4414 4183 4323
4417 4184 4415
4287 4186 4189
4282 4186 4287
4287 4284 4282
4289 4189 4191
4289 4287 4189
4275 4191 4193
4289 4191 4275
4222 4194 4192
4278 4193 4195
4278 4275 4193
4199 4196 4194
4280 4195 4198
4202 4199 4194
4220 4202 4194
4222 4220 4194
4280 4278 4195
4259 4197 4201
4267 4197 4259
4280 4198 4268
4258 4200 4203
4220 4204 4202
4261 4203 4205
4261 4258 4203
4218 4206 4204
4263 4205 4207
4220 4218 4204
4263 4261 4205
4218 4208 4206
4265 4207 4210
4265 4263 4207
4218 4211 4208
4251 4209 4213
4251 4225 4209
4255 4209 4225
4255 4252 4209
4265 4210 4253
4218 4214 4211
4227 4212 4215
4227 4224 4250
4250 4212 4227
4218 4216 4214
4227 4215 4217
4229 4217 4219
4229 4227 4217
4233 4219 4221
4231 4229 4219
4233 4231 4219
4237 4221 4223
4235 4233 4221
4237 4235 4221
4239 4237 4223
4241 4239 4223
4256 4226 4228
4396 4228 4230
4394 4256 4228
4396 4394 4228
4398 4230 4232
4398 4396 4230
4398 4232 4234
4400 4234 4236
4400 4398 4234
4400 4236 4238
4402 4238 4240
4402 4400 4238
4402 4240 4242
4404 4242 4244
4404 4402 4242
4248 4245 4243
4404 4244 4246
4363 4247 4249
4367 4247 4363
4404 4246 4366
4266 4254 4257
4683 4266 4257
4394 4388 4256
4681 4257 4389
4683 4257 4681
4674 4260 4262
4269 4267 4259
4272 4269 4259
4674 4274 4260
4672 4262 4264
4674 4262 4672
4683 4264 4266
4672 4264 4670
4685 4670 4264
4685 4264 4683
4280 4268 4270
4392 4271 4273
4392 4281 4271
4394 4273 4388
4676 4389 4274
4394 4392 4273
4676 4274 4674
4319 4277 4279
4316 4290 4276
4318 4316 4276
4390 4279 4281
4390 4319 4279
4392 4390 4281
4321 4285 4288
4316 4288 4290
4316 4314 4288
4321 4288 4314
4299 4294 4291
4353 4292 4295
4348 4299 4291
4350 4348 4291
4299 4296 4294
4386 4295 4297
4356 4353 4295
4384 4356 4295
4386 4384 4295
4404 4298 4300
4370 4297 4368
4404 4369 4298
4386 4297 4370
4348 4302 4299
4642 4301 4303
4631 4405 4301
4640 4631 4301
4642 4640 4301
4344 4304 4302
4652 4303 4305
4346 4344 4302
4348 4346 4302
4645 4642 4303
4647 4645 4303
4650 4647 4303
4652 4650 4303
4340 4306 4304
4656 4305 4307
4342 4340 4304
4344 4342 4304
4654 4652 4305
4656 4654 4305
4336 4308 4306
4662 4307 4309
4338 4336 4306
4340 4338 4306
4658 4656 4307
4660 4658 4307
4662 4660 4307
4334 4310 4308
4664 4309 4311
4336 4334 4308
4664 4662 4309
4326 4312 4310
4664 4311 4313
4329 4326 4310
4332 4329 4310
4334 4332 4310
4321 4314 4312
4450 4313 4315
4324 4321 4312
4326 4324 4312
4452 4313 4450
4666 4313 4452
4666 4664 4313
4598 4315 4317
4579 4450 4315
4579 4315 4577
4600 4577 4315
4600 4315 4598
4594 4317 4320
4596 4317 4594
4598 4317 4596
4590 4320 4391
4592 4320 4590
4594 4320 4592
4413 4322 4325
4431 4325 4328
4429 4413 4325
4431 4429 4325
4410 4327 4331
4438 4328 4411
4434 4431 4328
4436 4434 4328
4438 4436 4328
4408 4330 4333
4410 4331 4409
4379 4358 4356
4382 4379 4356
4384 4382 4356
4377 4360 4358
4379 4377 4358
4365 4362 4360
4368 4365 4360
4377 4368 4360
4404 4366 4369
4373 4370 4368
4375 4373 4368
4377 4375 4368
4643 4371 4374
4646 4387 4372
4646 4372 4644
4641 4374 4376
4643 4374 4641
4639 4376 4378
4641 4376 4639
4483 4378 4380
4486 4378 4483
4637 4378 4486
4639 4378 4637
4481 4381 4383
4483 4380 4480
4478 4383 4385
4481 4383 4478
4475 4385 4387
4478 4385 4475
4648 4475 4387
4648 4387 4646
4679 4389 4676
4681 4389 4679
4588 4391 4393
4590 4391 4588
4584 4393 4395
4586 4393 4584
4588 4393 4586
4615 4395 4397
4605 4584 4395
4607 4605 4395
4610 4607 4395
4615 4610 4395
4617 4397 4399
4617 4615 4397
4619 4399 4401
4619 4617 4399
4621 4401 4403
4621 4619 4401
4627 4403 4405
4623 4621 4403
4625 4623 4403
4627 4625 4403
4629 4627 4405
4631 4629 4405
4420 4418 4411
4438 4411 4418
4427 4416 4413
4429 4427 4413
4422 4418 4416
4425 4422 4416
4427 4425 4416
4438 4418 4422
4447 4424 4426
4443 4439 4423
4445 4443 4423
4540 4426 4428
4540 4447 4426
4537 4428 4430
4540 4428 4537
4578 4430 4433
4575 4537 4430
4578 4575 4430
4448 4432 4435
4578 4433 4449
4451 4435 4437
4451 4448 4435
4440 4437 4439
4451 4437 4440
4443 4440 4439
4541 4441 4444
4453 4451 4440
4457 4455 4442
4462 4456 4441
4541 4462 4441
4543 4444 4446
4543 4541 4444
4543 4446 4539
4666 4452 4454
4667 4455 4457
4460 4458 4456
4667 4457 4459
4462 4460 4456
4665 4459 4461
4667 4459 4665
4663 4461 4463
4665 4461 4663
4541 4464 4462
4661 4463 4465
4663 4463 4661
4573 4466 4464
4659 4465 4467
4573 4464 4541
4661 4465 4659
4571 4468 4466
4657 4467 4469
4573 4571 4466
4659 4467 4657
4569 4470 4468
4655 4469 4471
4571 4569 4468
4657 4469 4655
4569 4472 4470
4653 4471 4473
4655 4471 4653
4566 4474 4472
4651 4473 4476
4569 4566 4472
4653 4473 4651
4566 4477 4474
4651 4476 4649
4566 4479 4477
4564 4482 4479
4566 4564 4479
4564 4484 4482
4564 4487 4484
4634 4485 4488
4637 4486 4635
4564 4489 4487
4632 4488 4490
4634 4488 4632
4562 4491 4489
4630 4490 4492
4564 4562 4489
4632 4490 4630
4562 4493 4491
4628 4492 4494
4630 4492 4628
4560 4495 4493
4626 4494 4496
4562 4560 4493
4628 4494 4626
4558 4497 4495
4624 4496 4498
4560 4558 4495
4626 4496 4624
4503 4499 4497
4622 4498 4500
4558 4503 4497
4624 4498 4622
4503 4501 4499
4620 4500 4502
4622 4500 4620
4618 4502 4504
4620 4502 4618
4558 4505 4503
4616 4504 4507
4618 4504 4616
4556 4508 4505
4682 4506 4509
4558 4556 4505
4616 4507 4614
4680 4613 4506
4682 4680 4506
4556 4510 4508
4684 4509 4512
4684 4682 4509
4554 4513 4510
4668 4511 4514
4556 4554 4510
4684 4512 4669
4518 4515 4513
4671 4514 4517
4554 4518 4513
4671 4668 4514
4580 4516 4519
4602 4517 4582
4671 4517 4602
4554 4520 4518
4583 4519 4521
4583 4580 4519
4552 4522 4520
4585 4521 4523
4554 4552 4520
4585 4583 4521
4552 4524 4522
4587 4523 4525
4587 4585 4523
4549 4526 4524
4589 4525 4527
4552 4549 4524
4589 4587 4525
4549 4528 4526
4591 4527 4529
4591 4589 4527
4547 4530 4528
4593 4529 4531
4549 4547 4528
4593 4591 4529
4545 4532 4530
4595 4531 4533
4547 4545 4530
4595 4593 4531
4545 4534 4532
4597 4533 4535
4597 4595 4533
4539 4536 4534
4599 4535 4538
4543 4539 4534
4545 4543 4534
4599 4597 4535
4599 4538 4576
4697 4542 4544
4693 4574 4542
4695 4693 4542
4697 4695 4542
4699 4544 4546
4699 4697 4544
4701 4546 4548
4701 4699 4546
4701 4548 4550
4704 4551 4553
4703 4701 4550
4706 4553 4555
4706 4704 4553
4708 4555 4557
4708 4706 4555
4710 4557 4559
4710 4708 4557
4714 4559 4561
4712 4710 4559
4714 4712 4559
4716 4561 4563
4716 4714 4561
4718 4563 4565
4718 4716 4563
4718 4565 4568
4686 4567 4570
4718 4568 4687
4689 4570 4572
4689 4686 4570
4691 4572 4574
4691 4689 4572
4693 4691 4574
4601 4581 4584
4603 4601 4584
4605 4603 4584
4671 4602 4604
4673 4604 4606
4673 4671 4604
4675 4606 4608
4675 4673 4606
4678 4609 4611
4677 4675 4608
4615 4612 4610
4680 4611 4613
4680 4678 4611
4636 4633 4631
4638 4636 4631
4640 4638 4631
4737 4688 4690
4737 4719 4688
4740 4690 4692
4740 4737 4690
4742 4692 4694
4742 4740 4692
4744 4694 4696
4744 4742 4694
4746 4696 4698
4746 4744 4696
4750 4698 4700
4748 4746 4698
4750 4748 4698
4752 4700 4702
4752 4750 4700
4720 4702 4705
4752 4702 4720
4720 4705 4707
4723 4707 4709
4723 4720 4707
4725 4709 4711
4725 4723 4709
4727 4711 4713
4727 4725 4711
4729 4713 4715
4729 4727 4713
4733 4715 4717
4731 4729 4715
4733 4731 4715
4735 4717 4719
4735 4733 4717
4737 4735 4719
4772 4722 4724
4769 4753 4721
4771 4769 4721
4776 4724 4726
4774 4772 4724
4776 4774 4724
4778 4726 4728
4778 4776 4726
4780 4728 4730
4780 4778 4728
4782 4730 4732
4782 4780 4730
4784 4732 4734
4784 4782 4732
4786 4734 4736
4786 4784 4734
4786 4736 4739
4754 4738 4741
4786 4739 4755
4759 4741 4743
4757 4754 4741
4759 4757 4741
4761 4743 4745
4761 4759 4743
4763 4745 4747
4763 4761 4745
4765 4747 4749
4765 4763 4747
4767 4749 4751
4767 4765 4749
4769 4751 4753
4769 4767 4751
4787 4756 4758
4787 4758 4760
4785 4760 4762
4787 4760 4785
4783 4762 4764
4785 4762 4783
4781 4764 4766
4783 4764 4781
4779 4766 4768
4781 4766 4779
4777 4768 4770
4779 4768 4777
4775 4770 4773
4777 4770 4775
4795 4791 4788
4817 4790 4792
4797 4795 4788
4804 4797 4788
4813 4805 4789
4815 4813 4789
4795 4793 4791
4835 4792 4794
4837 4817 4792
4837 4792 4835
4833 4794 4796
4835 4794 4833
4833 4796 4799
4804 4800 4797
4806 4798 4801
4833 4799 4808
4804 4802 4800
4811 4801 4803
4809 4806 4801
4811 4809 4801
4813 4803 4805
4813 4811 4803
4825 4807 4810
4825 4823 4807
4832 4807 4823
4830 4810 4812
4830 4825 4810
4830 4812 4814
4830 4814 4816
4830 4816 4818
4836 4818 4816
4823 4821 4818
4845 4820 4822
4836 4823 4818
4838 4831 4819
4841 4838 4819
4843 4841 4819
4877 4822 4824
4873 4845 4822
4873 4822 4870
4874 4870 4822
4877 4874 4822
4867 4824 4827
4834 4832 4823
4836 4834 4823
4879 4824 4867
4879 4877 4824
4830 4828 4825
4846 4826 4829
4865 4827 4848
4867 4827 4865
4857 4829 4831
4849 4846 4829
4851 4849 4829
4854 4851 4829
4857 4854 4829
4859 4831 4838
4859 4857 4831
4869 4839 4842
4862 4840 4853
4866 4852 4839
4861 4859 4838
4869 4866 4839
4872 4842 4844
4872 4869 4842
4864 4847 4850
4864 4850 4852
4862 4853 4855
4866 4864 4852
4860 4856 4858
4863 4856 4860
4882 4868 4871
4881 4879 4867
4882 4871 4875
4880 4876 4878
4883 4876 4880
4891 4887 4884
4913 4886 4888
4893 4891 4884
4900 4893 4884
4909 4901 4885
4911 4909 4885
4891 4889 4887
4931 4888 4890
4933 4913 4888
4933 4888 4931
4929 4890 4892
4931 4890 4929
4929 4892 4895
4900 4896 4893
4902 4894 4897
4929 4895 4904
4900 4898 4896
4907 4897 4899
4905 4902 4897
4907 4905 4897
4909 4899 4901
4909 4907 4899
4921 4903 4906
4921 4919 4903
4928 4903 4919
4926 4906 4908
4926 4921 4906
4926 4908 4910
4926 4910 4912
4926 4912 4914
4932 4914 4912
4919 4917 4914
4941 4916 4918
4932 4919 4914
4934 4927 4915
4937 4934 4915
4939 4937 4915
4973 4918 4920
4969 4941 4918
4969 4918 4966
4970 4966 4918
4973 4970 4918
4963 4920 4923
4930 4928 4919
4932 4930 4919
4975 4920 4963
4975 4973 4920
4926 4924 4921
4942 4922 4925
4961 4923 4944
4963 4923 4961
4953 4925 4927
4945 4942 4925
4947 4945 4925
4950 4947 4925
4953 4950 4925
4955 4927 4934
4955 4953 4927
4965 4935 4938
4958 4936 4949
4962 4948 4935
4957 4955 4934
4965 4962 4935
4968 4938 4940
4968 4965 4938
4960 4943 4946
4960 4946 4948
4958 4949 4951
4962 4960 4948
4956 4952 4954
4959 4952 4956
4978 4964 4967
4977 4975 4963
4978 4967 4971
4976 4972 4974
4979 4972 4976
4987 4983 4980
5009 4982 4984
4989 4987 4980
4996 4989 4980
5005 4997 4981
5007 5005 4981
4987 4985 4983
5027 4984 4986
5029 5009 4984
5029 4984 5027
5025 4986 4988
5027 4986 5025
5025 4988 4991
4996 4992 4989
4998 4990 4993
5025 4991 5000
4996 4994 4992
5003 4993 4995
5001 4998 4993
5003 5001 4993
5005 4995 4997
5005 5003 4995
5017 4999 5002
5017 5015 4999
5024 4999 5015
5022 5002 5004
5022 5017 5002
5022 5004 5006
5022 5006 5008
5022 5008 5010
5028 5010 5008
5015 5013 5010
5037 5012 5014
5028 5015 5010
5030 5023 5011
5033 5030 5011
5035 5033 5011
5069 5014 5016
5065 5037 5014
5065 5014 5062
5066 5062 5014
5069 5066 5014
5059 5016 5019
5026 5024 5015
5028 5026 5015
5071 5016 5059
5071 5069 5016
5022 5020 5017
5038 5018 5021
5057 5019 5040
5059 5019 5057
5049 5021 5023
5041 5038 5021
5043 5041 5021
5046 5043 5021
5049 5046 5021
5051 5023 5030
5051 5049 5023
5061 5031 5034
5054 5032 5045
5058 5044 5031
5053 5051 5030
5061 5058 5031
5064 5034 5036
5064 5061 5034
5056 5039 5042
5056 5042 5044
5054 5045 5047
5058 5056 5044
5052 5048 5050
5055 5048 5052
5074 5060 5063
5073 5071 5059
5074 5063 5067
5072 5068 5070
5075 5068 5072
5082 5079 5076
5091 5077 5080
5084 5082 5076
5107 5085 5078
5091 5086 5077
5107 5078 5087
5102 5081 5083
5100 5091 5080
5101 5081 5098
5102 5098 5081
5104 5083 5085
5104 5102 5083
5107 5104 5085
5091 5088 5086
5107 5087 5089
5125 5090 5092
5125 5108 5090
5097 5094 5091
5119 5093 5096
5100 5097 5091
5121 5093 5119
5125 5092 5120
5103 5095 5099
5156 5095 5103
5153 5119 5096
5159 5153 5096
5156 5154 5095
5158 5095 5154
5156 5103 5106
5122 5105 5108
5156 5106 5123
5125 5122 5108
5127 5112 5109
5137 5110 5113
5129 5127 5109
5145 5130 5111
5137 5135 5110
5144 5110 5135
5117 5114 5112
5139 5113 5115
5127 5117 5112
5139 5137 5113
5151 5116 5118
5142 5139 5115
5151 5143 5116
5125 5120 5117
5127 5125 5117
5169 5124 5126
5169 5157 5124
5172 5126 5128
5172 5169 5126
5160 5128 5131
5176 5128 5160
5174 5172 5128
5176 5174 5128
5154 5130 5145
5160 5131 5155
5138 5133 5136
5144 5135 5132
5140 5133 5138
5151 5134 5141
5149 5144 5132
5151 5150 5134
5151 5141 5143
5149 5146 5144
5154 5145 5148
5151 5147 5150
5154 5148 5152
5158 5154 5152
5163 5155 5157
5163 5160 5155
5165 5163 5157
5167 5165 5157
5169 5167 5157
5191 5162 5164
5186 5177 5161
5188 5186 5161
5215 5164 5166
5215 5191 5164
5213 5166 5168
5215 5166 5213
5211 5168 5171
5213 5168 5211
5178 5170 5173
5211 5171 5181
5182 5173 5175
5182 5178 5173
5184 5175 5177
5184 5182 5175
5186 5184 5177
5192 5179 5183
5205 5180 5194
5210 5180 5205
5195 5183 5185
5195 5192 5183
5197 5185 5187
5197 5195 5185
5199 5187 5189
5199 5197 5187
5201 5199 5189
5214 5203 5190
5204 5193 5196
5204 5196 5198
5206 5198 5200
5206 5204 5198
5208 5200 5202
5208 5206 5200
5214 5209 5203
5210 5205 5207
5212 5207 5209
5212 5210 5207
5214 5212 5209