130 3 0
141 2 4
69 0 64
138 65 1
69 66 0
130 0 66
140 138 1
128 5 3
194 4 6
130 128 3
192 141 4
194 192 4
126 7 5
194 6 8
128 126 5
124 9 7
196 8 10
126 124 7
196 194 8
122 11 9
198 10 12
124 122 9
198 196 10
122 13 11
200 12 14
200 198 12
120 15 13
202 14 17
122 120 13
202 200 14
117 18 15
184 16 19
120 117 15
202 17 185
115 20 18
188 19 21
117 115 18
188 184 19
113 22 20
190 21 24
115 113 20
190 188 21
110 25 22
168 23 26
113 110 22
190 24 169
108 27 25
174 26 28
110 108 25
172 168 26
174 172 26
106 29 27
176 28 30
108 106 27
176 174 28
102 31 29
176 30 32
104 102 29
106 104 29
100 33 31
178 32 34
102 100 31
178 176 32
98 35 33
180 34 36
100 98 33
180 178 34
95 37 35
182 36 39
98 95 35
182 180 36
93 40 37
160 38 41
95 93 37
182 39 161
91 42 40
164 41 43
93 91 40
164 160 41
88 44 42
166 43 46
91 88 42
166 164 43
86 47 44
144 45 48
88 86 44
166 46 145
84 49 47
148 48 50
86 84 47
148 144 48
84 51 49
150 50 52
150 148 50
82 53 51
154 52 54
84 82 51
152 150 52
154 152 52
80 55 53
154 54 56
82 80 53
78 57 55
156 56 58
80 78 55
156 154 56
73 59 57
158 58 61
76 73 57
78 76 57
158 156 58
71 62 59
132 60 63
73 71 59
158 61 133
69 64 62
136 63 65
71 69 62
136 132 63
138 136 65
2508 68 70
2510 131 67
2510 67 2507
2505 70 72
2508 70 2505
2503 72 75
2505 72 2503
2500 74 77
2503 75 2501
2498 77 79
2500 77 2498
2496 79 81
2498 79 2496
2494 81 83
2496 81 2494
2492 83 85
2494 83 2492
2490 85 87
2492 85 2490
2488 87 90
2490 87 2488
2485 89 92
2488 90 2486
2483 92 94
2485 92 2483
2481 94 97
2483 94 2481
2478 96 99
2481 97 2479
2474 99 101
2476 99 2474
2478 99 2476
2472 101 103
2474 101 2472
2470 103 105
2472 103 2470
2468 105 107
2470 105 2468
2466 107 109
2468 107 2466
2466 109 112
2463 111 114
2466 112 2464
2461 114 116
2463 114 2461
2459 116 119
2461 116 2459
2456 118 121
2459 119 2457
2520 121 123
2520 2456 121
2518 123 125
2520 123 2518
2516 125 127
2518 125 2516
2514 127 129
2516 127 2514
2512 129 131
2514 129 2512
2512 131 2510
222 134 137
242 159 135
242 135 223
225 137 139
225 222 137
227 139 143
227 225 139
204 142 193
227 143 205
229 146 149
249 167 147
249 147 230
232 149 151
232 229 149
234 151 153
234 232 151
236 153 155
236 234 153
238 155 157
238 236 155
242 157 159
240 238 157
242 240 157
244 162 165
264 183 163
264 163 245
247 165 167
247 244 165
249 247 167
251 170 173
268 191 171
268 171 252
254 173 175
254 251 173
256 175 177
256 254 175
258 177 179
258 256 177
262 179 181
260 258 179
262 260 179
264 181 183
264 262 181
220 187 189
217 203 186
219 217 186
266 189 191
266 220 189
268 266 191
207 193 195
207 204 193
209 195 197
209 207 195
213 197 199
211 209 197
213 211 197
213 199 201
215 201 203
215 213 201
217 215 203
270 206 208
366 228 206
366 206 270
277 208 210
273 270 208
275 273 208
277 275 208
281 210 212
279 277 210
281 279 210
285 212 214
283 281 212
285 283 212
218 214 216
291 214 218
287 285 214
289 287 214
291 289 214
295 218 221
293 291 218
295 293 218
299 221 267
297 295 221
299 297 221
362 224 226
355 243 224
357 355 224
359 357 224
362 359 224
364 226 228
364 362 226
366 364 228
333 231 233
330 250 231
333 330 231
339 233 235
335 333 233
337 335 233
339 337 233
339 235 237
343 237 239
341 339 237
343 341 237
347 239 241
345 343 239
347 345 239
351 241 243
349 347 241
351 349 241
353 351 243
355 353 243
326 246 248
323 265 246
326 323 246
328 248 250
328 326 248
330 328 250
306 253 255
304 269 253
306 304 253
309 255 257
309 306 255
313 257 259
311 309 257
313 311 257
315 259 261
315 313 259
317 261 263
317 315 261
319 263 265
319 317 263
321 319 265
323 321 265
302 267 269
302 299 267
304 302 269
374 272 274
370 367 271
372 370 271
531 274 276
531 374 274
529 276 278
531 276 529
527 278 280
529 278 527
525 280 282
527 280 525
523 282 284
525 282 523
521 284 286
523 284 521
519 286 288
521 286 519
517 288 290
519 288 517
515 290 292
517 290 515
513 292 294
515 292 513
511 294 296
513 294 511
509 296 298
511 296 509
507 298 301
509 298 507
504 300 303
507 301 505
502 303 305
504 303 502
500 305 308
502 305 500
497 307 310
500 308 498
495 310 312
497 310 495
493 312 314
495 312 493
491 314 316
493 314 491
489 316 318
491 316 489
487 318 320
489 318 487
485 320 322
487 320 485
483 322 325
485 322 483
480 324 327
483 325 481
478 327 329
480 327 478
476 329 332
478 329 476
473 331 334
476 332 474
471 334 336
473 334 471
469 336 338
471 336 469
467 338 340
469 338 467
465 340 342
467 340 465
463 342 344
465 342 463
461 344 346
463 344 461
459 346 348
461 346 459
457 348 350
459 348 457
455 350 352
457 350 455
453 352 354
455 352 453
451 354 356
453 354 451
449 356 358
451 356 449
447 358 361
449 358 447
375 360 363
447 361 377
378 363 365
378 375 363
368 365 367
378 365 368
370 368 367
444 369 371
442 379 369
444 442 369
380 371 373
444 371 380
530 380 373
439 376 379
439 437 376
446 376 437
442 439 379
528 383 380
540 382 384
537 445 381
530 528 380
539 537 381
524 385 383
586 384 386
526 524 383
528 526 383
586 540 384
520 387 385
588 386 388
522 520 385
524 522 385
588 586 386
516 389 387
590 388 390
518 516 387
520 518 387
590 588 388
512 391 389
592 390 392
514 512 389
516 514 389
592 590 390
512 393 391
594 392 394
594 592 392
506 395 393
596 394 397
508 506 393
510 508 393
512 510 393
596 594 394
503 398 395
579 396 399
506 503 395
596 397 580
501 400 398
582 399 401
503 501 398
582 579 399
499 402 400
584 401 404
501 499 400
584 582 401
496 405 402
564 403 406
499 496 402
584 404 565
492 407 405
569 406 408
494 492 405
496 494 405
567 564 406
569 567 406
490 409 407
571 408 410
492 490 407
571 569 408
488 411 409
573 410 412
490 488 409
573 571 410
486 413 411
575 412 414
488 486 411
575 573 412
482 415 413
577 414 416
484 482 413
486 484 413
577 575 414
479 417 415
577 416 419
482 479 415
477 420 417
557 418 421
479 477 417
577 419 558
475 422 420
560 421 423
477 475 420
560 557 421
472 424 422
562 423 426
475 472 422
562 560 423
468 427 424
542 425 428
470 468 424
472 470 424
562 426 543
431 429 427
545 428 430
464 431 427
466 464 427
468 466 427
545 542 428
547 430 432
547 545 430
458 433 431
549 432 434
460 458 431
462 460 431
464 462 431
549 547 432
454 435 433
551 434 436
456 454 433
458 456 433
551 549 434
450 437 435
553 436 438
452 450 435
454 452 435
553 551 436
555 438 441
448 446 437
450 448 437
555 553 438
532 440 443
555 441 533
535 443 445
535 532 443
537 535 445
690 534 536
683 556 534
685 683 534
687 685 534
690 687 534
692 536 538
692 690 536
694 538 541
694 692 538
598 541 587
694 541 598
661 544 546
658 563 544
661 658 544
667 546 548
663 661 546
665 663 546
667 665 546
667 548 550
671 550 552
669 667 550
671 669 550
675 552 554
673 671 552
675 673 552
679 554 556
677 675 554
679 677 554
681 679 556
683 681 556
654 559 561
651 578 559
654 651 559
656 561 563
656 654 561
658 656 563
634 566 568
632 585 566
634 632 566
637 568 570
637 634 568
641 570 572
639 637 570
641 639 570
643 572 574
643 641 572
645 574 576
645 643 574
647 576 578
647 645 576
649 647 578
651 649 578
627 581 583
623 597 581
625 623 581
627 625 581
630 583 585
630 627 583
632 630 585
605 587 589
601 598 587
603 601 587
605 603 587
609 589 591
607 605 589
609 607 589
613 591 593
611 609 591
613 611 591
597 593 595
619 593 597
615 613 593
617 615 593
619 617 593
621 619 597
623 621 597
702 600 602
698 695 599
700 698 599
859 602 604
859 702 602
857 604 606
859 604 857
855 606 608
857 606 855
853 608 610
855 608 853
851 610 612
853 610 851
849 612 614
851 612 849
847 614 616
849 614 847
845 616 618
847 616 845
843 618 620
845 618 843
841 620 622
843 620 841
839 622 624
841 622 839
837 624 626
839 624 837
835 626 629
837 626 835
832 628 631
835 629 833
830 631 633
832 631 830
828 633 636
830 633 828
825 635 638
828 636 826
823 638 640
825 638 823
821 640 642
823 640 821
819 642 644
821 642 819
817 644 646
819 644 817
815 646 648
817 646 815
813 648 650
815 648 813
811 650 653
813 650 811
808 652 655
811 653 809
806 655 657
808 655 806
804 657 660
806 657 804
801 659 662
804 660 802
799 662 664
801 662 799
797 664 666
799 664 797
795 666 668
797 666 795
793 668 670
795 668 793
791 670 672
793 670 791
789 672 674
791 672 789
787 674 676
789 674 787
785 676 678
787 676 785
783 678 680
785 678 783
781 680 682
783 680 781
779 682 684
781 682 779
777 684 686
779 684 777
775 686 689
777 686 775
703 688 691
775 689 705
706 691 693
706 703 691
696 693 695
706 693 696
698 696 695
772 697 699
770 707 697
772 770 697
708 699 701
772 699 708
858 708 701
767 704 707
767 765 704
774 704 765
770 767 707
856 711 708
868 710 712
865 773 709
858 856 708
867 865 709
852 713 711
914 712 714
854 852 711
856 854 711
914 868 712
848 715 713
916 714 716
850 848 713
852 850 713
916 914 714
844 717 715
918 716 718
846 844 715
848 846 715
918 916 716
840 719 717
920 718 720
842 840 717
844 842 717
920 918 718
840 721 719
922 720 722
922 920 720
834 723 721
924 722 725
836 834 721
838 836 721
840 838 721
924 922 722
831 726 723
907 724 727
834 831 723
924 725 908
829 728 726
910 727 729
831 829 726
910 907 727
827 730 728
912 729 732
829 827 728
912 910 729
824 733 730
892 731 734
827 824 730
912 732 893
820 735 733
897 734 736
822 820 733
824 822 733
895 892 734
897 895 734
818 737 735
899 736 738
820 818 735
899 897 736
816 739 737
901 738 740
818 816 737
901 899 738
814 741 739
903 740 742
816 814 739
903 901 740
810 743 741
905 742 744
812 810 741
814 812 741
905 903 742
807 745 743
905 744 747
810 807 743
805 748 745
885 746 749
807 805 745
905 747 886
803 750 748
888 749 751
805 803 748
888 885 749
800 752 750
890 751 754
803 800 750
890 888 751
796 755 752
870 753 756
798 796 752
800 798 752
890 754 871
759 757 755
873 756 758
792 759 755
794 792 755
796 794 755
873 870 756
875 758 760
875 873 758
786 761 759
877 760 762
788 786 759
790 788 759
792 790 759
877 875 760
782 763 761
879 762 764
784 782 761
786 784 761
879 877 762
778 765 763
881 764 766
780 778 763
782 780 763
881 879 764
883 766 769
776 774 765
778 776 765
883 881 766
860 768 771
883 769 861
863 771 773
863 860 771
865 863 773
1018 862 864
1011 884 862
1013 1011 862
1015 1013 862
1018 1015 862
1020 864 866
1020 1018 864
1022 866 869
1022 1020 866
926 869 915
1022 869 926
989 872 874
986 891 872
989 986 872
995 874 876
991 989 874
993 991 874
995 993 874
995 876 878
999 878 880
997 995 878
999 997 878
1003 880 882
1001 999 880
1003 1001 880
1007 882 884
1005 1003 882
1007 1005 882
1009 1007 884
1011 1009 884
982 887 889
979 906 887
982 979 887
984 889 891
984 982 889
986 984 891
962 894 896
960 913 894
962 960 894
965 896 898
965 962 896
969 898 900
967 965 898
969 967 898
971 900 902
971 969 900
973 902 904
973 971 902
975 904 906
975 973 904
977 975 906
979 977 906
955 909 911
951 925 909
953 951 909
955 953 909
958 911 913
958 955 911
960 958 913
933 915 917
929 926 915
931 929 915
933 931 915
937 917 919
935 933 917
937 935 917
941 919 921
939 937 919
941 939 919
925 921 923
947 921 925
943 941 921
945 943 921
947 945 921
949 947 925
951 949 925
1030 928 930
1026 1023 927
1028 1026 927
1187 930 932
1187 1030 930
1185 932 934
1187 932 1185
1183 934 936
1185 934 1183
1181 936 938
1183 936 1181
1179 938 940
1181 938 1179
1177 940 942
1179 940 1177
1175 942 944
1177 942 1175
1173 944 946
1175 944 1173
1171 946 948
1173 946 1171
1169 948 950
1171 948 1169
1167 950 952
1169 950 1167
1165 952 954
1167 952 1165
1163 954 957
1165 954 1163
1160 956 959
1163 957 1161
1158 959 961
1160 959 1158
1156 961 964
1158 961 1156
1153 963 966
1156 964 1154
1151 966 968
1153 966 1151
1149 968 970
1151 968 1149
1147 970 972
1149 970 1147
1145 972 974
1147 972 1145
1143 974 976
1145 974 1143
1141 976 978
1143 976 1141
1139 978 981
1141 978 1139
1136 980 983
1139 981 1137
1134 983 985
1136 983 1134
1132 985 988
1134 985 1132
1129 987 990
1132 988 1130
1127 990 992
1129 990 1127
1125 992 994
1127 992 1125
1123 994 996
1125 994 1123
1121 996 998
1123 996 1121
1119 998 1000
1121 998 1119
1117 1000 1002
1119 1000 1117
1115 1002 1004
1117 1002 1115
1113 1004 1006
1115 1004 1113
1111 1006 1008
1113 1006 1111
1109 1008 1010
1111 1008 1109
1107 1010 1012
1109 1010 1107
1105 1012 1014
1107 1012 1105
1103 1014 1017
1105 1014 1103
1031 1016 1019
1103 1017 1033
1034 1019 1021
1034 1031 1019
1024 1021 1023
1034 1021 1024
1026 1024 1023
1100 1025 1027
1098 1035 1025
1100 1098 1025
1036 1027 1029
1100 1027 1036
1186 1036 1029
1095 1032 1035
1095 1093 1032
1102 1032 1093
1098 1095 1035
1184 1039 1036
1201 1038 1040
1195 1101 1037
1186 1184 1036
1198 1195 1037
1200 1198 1037
1180 1041 1039
1460 1040 1042
1182 1180 1039
1184 1182 1039
1458 1201 1040
1460 1458 1040
1176 1043 1041
1460 1042 1044
1178 1176 1041
1180 1178 1041
1172 1045 1043
1462 1044 1046
1174 1172 1043
1176 1174 1043
1462 1460 1044
1168 1047 1045
1464 1046 1048
1170 1168 1045
1172 1170 1045
1464 1462 1046
1168 1049 1047
1450 1048 1050
1464 1048 1450
1162 1051 1049
1454 1050 1053
1164 1162 1049
1166 1164 1049
1168 1166 1049
1452 1450 1050
1454 1452 1050
1159 1054 1051
1438 1052 1055
1162 1159 1051
1456 1053 1439
1456 1454 1053
1157 1056 1054
1446 1055 1057
1159 1157 1054
1441 1438 1055
1443 1441 1055
1446 1443 1055
1155 1058 1056
1432 1057 1060
1157 1155 1056
1448 1057 1432
1448 1446 1057
1152 1061 1058
1427 1059 1062
1155 1152 1058
1430 1060 1428
1432 1060 1430
1148 1063 1061
1423 1062 1064
1150 1148 1061
1152 1150 1061
1425 1062 1423
1427 1062 1425
1146 1065 1063
1421 1064 1066
1148 1146 1063
1423 1064 1421
1144 1067 1065
1421 1066 1068
1146 1144 1065
1142 1069 1067
1419 1068 1070
1144 1142 1067
1421 1068 1419
1138 1071 1069
1417 1070 1072
1140 1138 1069
1142 1140 1069
1419 1070 1417
1135 1073 1071
1415 1072 1075
1138 1135 1071
1417 1072 1415
1133 1076 1073
1412 1074 1077
1135 1133 1073
1415 1075 1413
1131 1078 1076
1437 1077 1079
1133 1131 1076
1410 1077 1408
1437 1408 1077
1412 1077 1410
1128 1080 1078
1251 1079 1081
1131 1128 1078
1435 1079 1251
1437 1079 1435
1124 1083 1080
1246 1082 1084
1126 1124 1080
1128 1126 1080
1248 1081 1245
1251 1081 1248
1087 1085 1083
1241 1084 1086
1120 1087 1083
1122 1120 1083
1124 1122 1083
1243 1084 1241
1246 1084 1243
1237 1086 1088
1239 1086 1237
1241 1086 1239
1114 1089 1087
1233 1088 1090
1116 1114 1087
1118 1116 1087
1120 1118 1087
1235 1088 1233
1237 1088 1235
1110 1091 1089
1233 1090 1092
1112 1110 1089
1114 1112 1089
1106 1093 1091
1231 1092 1094
1108 1106 1091
1110 1108 1091
1233 1092 1231
1229 1094 1097
1104 1102 1093
1106 1104 1093
1231 1094 1229
1203 1096 1099
1229 1097 1205
1191 1099 1101
1191 1188 1099
1206 1099 1188
1206 1203 1099
1193 1191 1101
1195 1193 1101
1227 1190 1192
1223 1207 1189
1225 1223 1189
1282 1192 1194
1282 1227 1192
1280 1194 1197
1282 1194 1280
1277 1196 1199
1280 1197 1278
1277 1199 1202
1277 1202 1275
1459 1275 1202
1223 1204 1207
1228 1204 1223
1242 1211 1208
1353 1209 1212
1244 1242 1208
1247 1244 1208
1249 1247 1208
1284 1250 1210
1349 1283 1209
1351 1349 1209
1353 1351 1209
1216 1212 1214
1238 1213 1211
1218 1212 1216
1355 1212 1218
1240 1238 1211
1242 1240 1211
1355 1353 1212
1236 1215 1213
1238 1236 1213
1234 1217 1215
1236 1234 1215
1232 1219 1217
1355 1218 1220
1234 1232 1217
1230 1221 1219
1360 1220 1222
1232 1230 1219
1358 1355 1220
1360 1358 1220
1228 1223 1221
1362 1222 1224
1230 1228 1221
1362 1360 1222
1364 1224 1226
1364 1362 1224
1368 1226 1281
1366 1364 1226
1368 1366 1226
1434 1250 1284
1313 1255 1252
1433 1254 1256
1315 1252 1302
1426 1303 1253
1315 1313 1252
1429 1426 1253
1431 1429 1253
1313 1257 1255
1449 1256 1258
1449 1433 1256
1309 1259 1257
1447 1258 1261
1311 1309 1257
1313 1311 1257
1449 1258 1447
1304 1262 1259
1444 1260 1263
1307 1304 1259
1309 1307 1259
1447 1261 1445
1266 1264 1262
1455 1263 1265
1268 1266 1262
1304 1268 1262
1442 1263 1440
1457 1440 1263
1444 1263 1442
1457 1263 1455
1451 1265 1267
1453 1265 1451
1455 1265 1453
1465 1267 1269
1465 1451 1267
1336 1270 1268
1463 1269 1271
1336 1268 1304
1465 1269 1463
1334 1272 1270
1461 1271 1273
1336 1334 1270
1463 1271 1461
1332 1274 1272
1459 1273 1275
1334 1332 1272
1461 1273 1459
1328 1276 1274
1330 1328 1274
1332 1330 1274
1324 1279 1276
1326 1324 1276
1328 1326 1276
1404 1281 1279
1324 1321 1279
1375 1279 1321
1375 1372 1279
1404 1279 1372
1370 1281 1338
1402 1338 1281
1370 1368 1281
1404 1402 1281
1347 1285 1283
1434 1284 1286
1349 1347 1283
1345 1287 1285
1436 1286 1289
1347 1345 1285
1436 1434 1286
1345 1290 1287
1406 1288 1291
1436 1289 1407
1396 1292 1290
1414 1291 1293
1345 1343 1290
1398 1290 1343
1398 1396 1290
1409 1406 1291
1411 1409 1291
1414 1411 1291
1394 1294 1292
1416 1293 1295
1396 1394 1292
1416 1414 1293
1392 1296 1294
1418 1295 1297
1394 1392 1294
1418 1416 1295
1387 1298 1296
1420 1297 1299
1389 1387 1296
1392 1389 1296
1420 1418 1297
1385 1300 1298
1422 1299 1301
1387 1385 1298
1422 1420 1299
1381 1302 1300
1424 1301 1303
1383 1381 1300
1385 1383 1300
1424 1422 1301
1381 1315 1302
1426 1424 1303
1485 1306 1308
1481 1337 1305
1483 1481 1305
1531 1308 1310
1533 1485 1308
1533 1308 1531
1531 1310 1312
1529 1312 1314
1531 1312 1529
1527 1314 1316
1529 1314 1527
1379 1317 1315
1525 1316 1318
1381 1379 1315
1527 1316 1525
1377 1319 1317
1521 1318 1320
1379 1377 1317
1523 1318 1521
1525 1318 1523
1375 1321 1319
1521 1320 1323
1377 1375 1319
1466 1322 1325
1521 1323 1468
1471 1325 1327
1469 1466 1325
1471 1469 1325
1471 1327 1329
1473 1329 1331
1473 1471 1329
1475 1331 1333
1475 1473 1331
1477 1333 1335
1477 1475 1333
1481 1335 1337
1479 1477 1335
1481 1479 1335
1402 1341 1338
3491 1339 1342
3494 1371 1340
3494 1340 3492
1402 1343 1341
3521 1342 1344
3523 3491 1342
3523 1342 3521
3521 1344 1346
1400 1398 1343
1402 1400 1343
3519 1346 1348
3521 1346 3519
3517 1348 1350
3519 1348 3517
3515 1350 1352
3517 1350 3515
3511 1352 1354
3513 1352 3511
3515 1352 3513
3511 1354 1356
3509 1357 1359
3511 1356 3508
3504 1359 1361
3506 1359 3504
3509 1359 3506
3504 1361 1363
3502 1363 1365
3504 1363 3502
3500 1365 1367
3502 1365 3500
3498 1367 1369
3500 1367 3498
3494 1369 1371
3496 1369 3494
3498 1369 3496
3609 1373 1376
3612 1405 1374
3612 1374 3610
3639 1376 1378
3641 3609 1376
3641 1376 3639
3639 1378 1380
3637 1380 1382
3639 1380 3637
3635 1382 1384
3637 1382 3635
3633 1384 1386
3635 1384 3633
3629 1386 1388
3631 1386 3629
3633 1386 3631
3629 1388 1390
3627 1391 1393
3629 1390 3626
3622 1393 1395
3624 1393 3622
3627 1393 3624
3622 1395 1397
3620 1397 1399
3622 1397 3620
3618 1399 1401
3620 1399 3618
3616 1401 1403
3618 1401 3616
3612 1403 1405
3614 1403 3612
3616 1403 3614
1503 1467 1470
1503 1501 1467
1520 1467 1501
1506 1470 1472
1506 1503 1470
1508 1472 1474
1508 1506 1472
1510 1474 1476
1510 1508 1474
1514 1476 1478
1514 1510 1476
1516 1478 1480
1516 1514 1478
1518 1480 1482
1518 1516 1480
1518 1482 1484
1518 1484 1486
1532 1486 1484
1532 1489 1486
1567 1488 1490
1563 1519 1487
1565 1563 1487
1530 1491 1489
1603 1490 1492
1532 1530 1489
1605 1567 1490
1605 1490 1603
1528 1493 1491
1603 1492 1494
1530 1528 1491
1497 1495 1493
1601 1494 1496
1526 1497 1493
1528 1526 1493
1603 1494 1601
1599 1496 1498
1601 1496 1599
1524 1499 1497
1597 1498 1500
1526 1524 1497
1599 1498 1597
1522 1501 1499
1593 1500 1502
1524 1522 1499
1595 1500 1593
1597 1500 1595
1593 1502 1505
1522 1520 1501
1534 1504 1507
1593 1505 1536
1539 1507 1509
1537 1534 1507
1539 1537 1507
1541 1509 1511
1541 1539 1509
1514 1512 1510
1543 1511 1513
1543 1541 1511
1548 1513 1515
1548 1543 1513
1559 1515 1517
1551 1548 1515
1553 1551 1515
1556 1553 1515
1559 1556 1515
1561 1517 1519
1561 1559 1517
1563 1561 1519
1577 1535 1538
1577 1575 1535
1592 1535 1575
1579 1538 1540
1579 1577 1538
1581 1540 1542
1581 1579 1540
1583 1542 1544
1583 1581 1542
1548 1545 1543
1590 1544 1546
1585 1583 1544
1587 1585 1544
1590 1587 1544
1938 1547 1549
1938 1591 1547
1939 1550 1552
1937 1552 1555
1939 1552 1937
1607 1554 1558
1930 1554 1607
1935 1555 1931
1937 1555 1935
1615 1557 1560
1615 1606 1557
1617 1560 1562
1617 1615 1560
1619 1562 1564
1619 1617 1562
1619 1564 1566
1621 1566 1604
1621 1619 1566
1596 1571 1568
1671 1570 1572
1634 1596 1568
1650 1635 1569
1652 1650 1569
1660 1652 1569
1669 1660 1569
1594 1573 1571
2015 1572 1574
1596 1594 1571
2015 1671 1572
1592 1575 1573
2013 1574 1576
1594 1592 1573
2015 1574 2013
2011 1576 1578
2013 1576 2011
2009 1578 1580
2011 1578 2009
2007 1580 1582
2009 1580 2007
2005 1582 1584
2007 1582 2005
2003 1584 1586
2005 1584 2003
2001 1586 1589
2003 1586 2001
1938 1588 1591
1940 1588 1938
2001 1589 1942
1634 1598 1596
1600 1598 1629
1629 1627 1600
1631 1629 1598
1634 1631 1598
1627 1602 1600
1625 1604 1602
1627 1625 1602
1623 1621 1604
1625 1623 1604
1615 1608 1606
1930 1607 1609
1615 1610 1608
1932 1609 1611
1932 1930 1609
1615 1612 1610
1932 1611 1613
1929 1614 1616
1927 1819 1613
1934 1613 1819
1934 1932 1613
1999 1616 1618
1999 1929 1616
1997 1618 1620
1999 1618 1997
1995 1620 1622
1997 1620 1995
1993 1622 1624
1995 1622 1993
1991 1624 1626
1993 1624 1991
1989 1626 1628
1991 1626 1989
1987 1628 1630
1989 1628 1987
1985 1630 1633
1987 1630 1985
1648 1632 1635
1648 1645 1632
1664 1632 1645
1985 1633 1666
1650 1648 1635
1664 1639 1636
1672 1637 1640
1667 1636 1662
1686 1663 1638
1667 1664 1636
1779 1638 1674
1779 1686 1638
1645 1641 1639
1680 1640 1642
1664 1645 1639
1675 1672 1640
1677 1675 1640
1680 1677 1640
1816 1644 1646
1682 1680 1642
1792 1683 1643
1816 1793 1644
1817 1647 1649
1817 1649 1651
1815 1651 1653
1817 1651 1815
1657 1654 1652
1813 1653 1656
1660 1657 1652
1815 1653 1813
1781 1655 1659
1783 1655 1781
1812 1655 1783
1808 1658 1661
1806 1780 1658
1808 1806 1658
1669 1662 1660
1810 1661 1663
1810 1808 1661
1669 1667 1662
1810 1663 1686
1984 1665 1668
2014 1668 1670
1984 1668 1975
2014 1975 1668
1732 1673 1676
1778 1673 1732
1734 1676 1678
1734 1732 1676
1777 1679 1681
1776 1734 1678
1855 1681 1684
1853 1777 1681
1855 1853 1681
1794 1683 1792
1857 1684 1795
1857 1855 1684
1732 1688 1685
1897 1687 1689
1778 1732 1685
1895 1811 1687
1897 1895 1687
1730 1690 1688
1905 1689 1691
1732 1730 1688
1899 1897 1689
1902 1899 1689
1905 1902 1689
1728 1692 1690
1915 1691 1693
1730 1728 1690
1908 1905 1691
1910 1908 1691
1913 1910 1691
1915 1913 1691
1726 1695 1692
1916 1694 1696
1728 1726 1692
1726 1697 1695
1916 1696 1698
1724 1699 1697
2223 1698 1700
1726 1724 1697
2223 1916 1698
1724 1701 1699
2017 1700 1703
2223 1700 2017
1724 1704 1701
2016 1702 1705
1722 1706 1704
2133 1705 1707
1724 1722 1704
2121 2016 1705
2124 2121 1705
2126 2124 1705
2129 2126 1705
2131 2129 1705
2133 2131 1705
1720 1708 1706
2144 1707 1709
1722 1720 1706
2135 2133 1707
2137 2135 1707
2139 2137 1707
2142 2139 1707
2144 2142 1707
1713 1710 1708
2149 1709 1712
1715 1713 1708
1718 1715 1708
1720 1718 1708
2147 2144 1709
2149 2147 1709
1943 1711 1714
1943 1940 1711
1948 1711 1940
2156 1712 1949
2152 2149 1712
2154 2152 1712
2156 2154 1712
1943 1714 1716
1946 1717 1719
1945 1943 1716
1958 1719 1721
1958 1946 1719
1960 1721 1723
1960 1958 1721
1964 1723 1725
1962 1960 1723
1964 1962 1723
1964 1725 1727
1966 1727 1729
1966 1964 1727
1970 1729 1731
1968 1966 1729
1970 1968 1729
1972 1731 1733
1972 1970 1731
1974 1733 1735
1974 1972 1733
1776 1736 1734
1976 1735 1737
1976 1974 1735
1774 1738 1736
1978 1737 1739
1776 1774 1736
1978 1976 1737
1772 1740 1738
1980 1739 1741
1774 1772 1738
1980 1978 1739
1768 1742 1740
1982 1741 1743
1770 1768 1740
1772 1770 1740
1982 1980 1741
1766 1744 1742
1950 1743 1745
1768 1766 1742
1982 1743 1950
1766 1746 1744
1952 1745 1747
1952 1950 1745
1764 1748 1746
1954 1747 1749
1766 1764 1746
1954 1952 1747
1762 1750 1748
1956 1749 1752
1764 1762 1748
1956 1954 1749
1762 1753 1750
1918 1751 1754
1956 1752 1919
1762 1755 1753
1921 1754 1756
1921 1918 1754
1762 1757 1755
1923 1756 1758
1923 1921 1756
1762 1759 1757
1923 1758 1761
1824 1760 1763
1824 1818 1760
1925 1761 1819
1925 1923 1761
1826 1763 1765
1826 1824 1763
1826 1765 1767
1828 1767 1769
1828 1826 1767
1830 1769 1771
1830 1828 1769
1832 1771 1773
1832 1830 1771
1834 1773 1775
1834 1832 1773
1839 1775 1777
1837 1834 1775
1839 1837 1775
1849 1839 1777
1851 1849 1777
1853 1851 1777
1806 1782 1780
1804 1784 1782
1812 1783 1785
1806 1804 1782
1802 1786 1784
1814 1785 1787
1804 1802 1784
1814 1812 1785
1800 1788 1786
1814 1787 1789
1802 1800 1786
1798 1790 1788
1816 1789 1791
1800 1798 1788
1816 1814 1789
1794 1792 1790
1816 1791 1793
1796 1794 1790
1798 1796 1790
1859 1795 1797
1859 1857 1795
1859 1797 1799
1861 1799 1801
1861 1859 1799
1885 1801 1803
1885 1861 1801
1885 1803 1805
1893 1805 1807
1885 1805 1893
1893 1888 1885
1893 1807 1809
1893 1809 1811
1895 1893 1811
1824 1820 1818
1934 1819 1821
1927 1925 1819
2696 1823 1825
1936 1934 1821
1948 1936 1821
2156 1949 1822
2698 2157 1823
2698 1823 2696
2692 1825 1827
2694 1825 2692
2696 1825 2694
2690 1827 1829
2692 1827 2690
2686 1829 1831
2688 1829 2686
2690 1829 2688
2682 1831 1833
2684 1831 2682
2686 1831 2684
2678 1833 1835
2680 1833 2678
2682 1833 2680
2676 1836 1838
2678 1835 2675
2673 1838 1840
2676 1838 2673
1844 1842 1839
2671 1841 1843
1847 1844 1839
1849 1847 1839
2673 1840 2670
2668 1843 1845
2671 1843 2668
2666 1846 1848
2668 1845 2665
2663 1848 1850
2666 1848 2663
2661 1850 1852
2663 1850 2661
2659 1852 1854
2661 1852 2659
2657 1854 1856
2659 1854 2657
2655 1856 1858
2657 1856 2655
2653 1858 1860
2655 1858 2653
2651 1860 1862
2653 1860 2651
1880 1864 1861
2649 1863 1865
1882 1880 1861
1885 1882 1861
2651 1862 2648
1878 1866 1864
2646 1865 1868
1880 1878 1864
2649 1865 2646
1876 1869 1866
2318 1867 1870
1878 1876 1866
2646 1868 2320
1874 1871 1869
2318 1870 1873
1876 1874 1869
2302 1872 1875
2316 1873 2303
2321 1873 2316
2321 2318 1873
2305 1875 1877
2305 2302 1875
2307 1877 1879
2307 2305 1877
2311 1879 1881
2309 2307 1879
2311 2309 1879
2311 1881 1884
2299 1883 1887
2311 1884 2300
2294 1886 1889
2299 1887 2295
1893 1890 1888
2297 1889 1892
2297 2294 1889
2264 1891 1894
2266 1891 2264
2286 1891 2266
2297 1892 2287
2262 1894 1896
2264 1894 2262
2260 1896 1898
2262 1896 2260
2258 1898 1901
2260 1898 2258
2255 1900 1904
2258 1901 2256
2245 1903 1907
2245 2239 1903
2255 1904 2241
2234 1906 1909
2245 1907 2235
2237 1909 1912
2237 2234 1909
2226 1911 1914
2237 1912 2227
2226 1914 1917
2223 2210 1916
2226 1917 2211
1998 1920 1922
1998 1957 1920
1998 1922 1924
1998 1924 1926
1998 1926 1928
1935 1931 1933
1948 1938 1936
1948 1940 1938
2000 1941 1944
2000 1944 1947
2000 1947 1959
1992 1951 1953
1990 1983 1951
1992 1990 1951
1994 1953 1955
1994 1992 1953
1996 1955 1957
1996 1994 1955
1998 1996 1957
2002 1959 1961
2002 2000 1959
2004 1961 1963
2004 2002 1961
2006 1963 1965
2006 2004 1963
2006 1965 1967
2008 1967 1969
2008 2006 1967
2012 1969 1971
2010 2008 1969
2012 2010 1969
2014 1971 1973
2014 2012 1971
2014 1973 1975
1984 1975 1977
1986 1977 1979
1986 1984 1977
1988 1979 1981
1988 1986 1979
1990 1981 1983
1990 1988 1981
2191 2019 2016
2224 2018 2020
2191 2016 2121
2189 2021 2019
3571 2020 2022
2191 2189 2019
3571 2224 2020
2206 2023 2021
3572 2022 2024
2187 2184 2021
2208 2021 2184
2189 2187 2021
2208 2206 2021
3572 3571 2022
2028 2025 2023
3572 2024 2027
2204 2028 2023
2206 2204 2023
3568 2026 2030
3572 2027 3569
2119 2031 2028
3561 2029 2032
2204 2119 2028
3568 2030 3562
2119 2033 2031
3566 2032 2034
3564 3561 2032
3566 3564 2032
2117 2035 2033
3566 2034 2037
2119 2117 2033
2117 2038 2035
3552 2036 2040
3558 2036 3552
3566 2037 3559
2115 2041 2038
3551 2039 2042
2117 2115 2038
2115 2043 2041
3556 2042 2044
3554 3551 2042
3556 3554 2042
2115 2045 2043
3556 2044 2047
2112 2048 2045
3545 2046 2050
2115 2112 2045
3556 2047 3546
2178 2051 2048
3540 2049 2052
2180 2048 2112
2180 2178 2048
3545 2050 3542
2169 2053 2051
3543 2052 2054
2171 2169 2051
2174 2171 2051
2176 2174 2051
2178 2176 2051
3543 3540 2052
2165 2055 2053
3544 2054 2056
2167 2165 2053
2169 2167 2053
3544 3543 2054
2112 2057 2055
3544 2056 2059
2165 2112 2055
2112 2060 2057
3261 2058 2062
3524 2058 3261
3544 2059 3525
2107 2063 2060
3247 2061 2064
2110 2107 2060
2112 2110 2060
3247 3245 2061
3260 2061 3245
2097 2065 2063
3249 2064 2066
2099 2097 2063
2101 2099 2063
2103 2101 2063
2105 2103 2063
2107 2105 2063
3249 3247 2064
2087 2067 2065
3251 2066 2068
2089 2087 2065
2092 2089 2065
2097 2092 2065
3251 3249 2066
2078 2069 2067
3253 2068 2070
2080 2078 2067
2082 2080 2067
2084 2082 2067
2087 2084 2067
3253 3251 2068
2078 2072 2069
3276 2071 2073
3258 3253 2070
3273 3259 2071
3276 3273 2071
2078 2074 2072
3294 2073 2076
3278 3276 2073
3281 3278 2073
3292 3281 2073
3294 3292 2073
2776 2077 2079
2778 2077 2776
2780 2077 2778
3100 2077 2780
3101 2075 3099
3294 2076 3102
2776 2079 2081
2774 2081 2083
2776 2081 2774
2772 2083 2085
2774 2083 2772
2770 2086 2088
2772 2085 2769
2767 2088 2090
2770 2088 2767
2765 2091 2093
2767 2090 2764
2097 2094 2092
2762 2093 2095
2765 2093 2762
2760 2096 2098
2762 2095 2759
2757 2098 2100
2760 2098 2757
2755 2100 2102
2757 2100 2755
2753 2102 2104
2755 2102 2753
2751 2104 2106
2753 2104 2751
2749 2106 2108
2751 2106 2749
2747 2109 2111
2749 2108 2746
2744 2111 2113
2747 2111 2744
2742 2114 2116
2161 2158 2112
2182 2112 2158
2163 2161 2112
2165 2163 2112
2182 2180 2112
2744 2113 2741
2739 2116 2118
2742 2116 2739
2737 2118 2120
2739 2118 2737
2193 2121 2119
2735 2120 2122
2195 2193 2119
2197 2195 2119
2200 2197 2119
2202 2200 2119
2204 2202 2119
2737 2120 2735
2733 2123 2125
2193 2191 2121
2735 2122 2732
2730 2125 2127
2733 2125 2730
2728 2128 2130
2730 2127 2727
2725 2130 2132
2728 2130 2725
2723 2132 2134
2725 2132 2723
2721 2134 2136
2723 2134 2721
2719 2136 2138
2721 2136 2719
2717 2138 2140
2719 2138 2717
2715 2141 2143
2717 2140 2714
2712 2143 2145
2715 2143 2712
2710 2146 2148
2712 2145 2709
2707 2148 2150
2710 2148 2707
2705 2151 2153
2707 2150 2704
2702 2153 2155
2705 2153 2702
2700 2155 2157
2702 2155 2700
2700 2157 2698
3751 2160 2162
3748 2183 2159
3750 3748 2159
3754 2162 2164
3754 3751 2162
3756 2164 2166
3756 3754 2164
3756 2166 2168
3758 2168 2170
3758 3756 2168
3758 2170 2173
3740 2172 2175
3758 2173 3741
3744 2175 2177
3744 3740 2175
3746 2177 2179
3746 3744 2177
3746 2179 2181
3748 2181 2183
3748 3746 2181
3775 2186 2188
3772 2209 2185
3774 3772 2185
3778 2188 2190
3778 3775 2188
3780 2190 2192
3780 3778 2190
3780 2192 2194
3782 2194 2196
3782 3780 2194
3782 2196 2199
3764 2198 2201
3782 2199 3765
3768 2201 2203
3768 3764 2201
3770 2203 2205
3770 3768 2203
3770 2205 2207
3772 2207 2209
3772 3770 2207
2221 2212 2210
2229 2211 2213
2223 2221 2210
2229 2226 2211
2217 2214 2212
2229 2213 2215
2221 2217 2212
2232 2216 2218
2231 2229 2215
3571 2219 2222
3568 2232 2218
3572 3569 2219
3572 2219 3571
3571 2222 2224
3581 2228 2230
3579 2238 2228
3581 3579 2228
3584 2230 2233
3584 3581 2230
3563 3549 2233
3584 2233 3549
3568 3562 2232
3576 2236 2238
2251 2245 2235
3586 2252 2236
3576 3573 2236
3588 2236 3573
3588 3586 2236
3579 3576 2238
2245 2242 2239
2282 2240 2243
2282 2254 2240
2267 2244 2247
2265 2263 2243
2268 2243 2263
2284 2243 2268
2284 2282 2243
2251 2248 2245
2448 2246 2249
2293 2267 2247
2448 2292 2246
3593 2250 2253
3593 2449 2250
3595 2253 3587
3595 3593 2253
2280 2257 2254
2282 2280 2254
2277 2259 2257
2280 2277 2257
2271 2261 2259
2273 2271 2259
2275 2273 2259
2277 2275 2259
2268 2263 2261
2271 2268 2261
2289 2286 2266
2291 2289 2266
3727 2270 2272
3724 2285 2269
3726 3724 2269
3732 2272 2274
3730 3727 2272
3732 3730 2272
3732 2274 2276
3734 2276 2279
3734 3732 2276
3716 2278 2281
3734 2279 3717
3722 2281 2283
3720 3716 2281
3722 3720 2281
3722 2283 2285
3724 3722 2285
2448 2288 2290
2445 2298 2288
2448 2445 2288
2448 2290 2292
2445 2296 2298
2317 2301 2296
2317 2296 2314
2326 2314 2296
2328 2326 2296
2331 2328 2296
2333 2331 2296
2335 2333 2296
2352 2335 2296
2445 2352 2296
2312 2301 2304
2317 2304 2301
2310 2304 2306
2312 2304 2310
2310 2306 2308
2321 2316 2313
2323 2321 2313
2327 2324 2315
2458 2319 2322
2645 2319 2458
2460 2322 2325
2460 2458 2322
2450 2324 2327
2460 2325 2451
2450 2327 2329
2454 2330 2332
2452 2450 2329
2642 2332 2334
2644 2454 2332
2644 2332 2642
2642 2334 2336
2349 2337 2335
2640 2336 2338
2352 2349 2335
2642 2336 2640
2349 2339 2337
2638 2338 2341
2640 2338 2638
2344 2342 2339
2635 2340 2343
2347 2344 2339
2349 2347 2339
2638 2341 2636
2633 2343 2346
2635 2343 2633
2630 2345 2348
2633 2346 2631
2879 2348 2350
2879 2630 2348
2877 2351 2353
2879 2350 2876
2443 2354 2352
2872 2353 2355
2445 2443 2352
2874 2353 2872
2877 2353 2874
2441 2356 2354
2870 2355 2357
2443 2441 2354
2872 2355 2870
2437 2358 2356
2868 2357 2359
2439 2437 2356
2441 2439 2356
2870 2357 2868
2435 2360 2358
2866 2359 2361
2437 2435 2358
2868 2359 2866
2430 2362 2360
2864 2361 2363
2433 2430 2360
2435 2433 2360
2866 2361 2864
2377 2364 2362
2864 2363 2365
2379 2377 2362
2409 2379 2362
2430 2409 2362
2374 2367 2364
2862 2366 2368
2377 2374 2364
2864 2365 2861
2372 2369 2367
2859 2368 2370
2374 2372 2367
2862 2368 2859
2857 2371 2373
2859 2370 2856
2854 2373 2375
2857 2373 2854
2852 2376 2378
2854 2375 2851
2849 2378 2380
2852 2378 2849
2409 2381 2379
2847 2380 2382
2849 2380 2847
2406 2383 2381
2843 2382 2384
2409 2406 2381
2845 2382 2843
2847 2382 2845
2406 2385 2383
2843 2384 2386
2406 2388 2385
2841 2387 2389
2843 2386 2840
2406 2390 2388
2838 2389 2391
2841 2389 2838
2406 2393 2390
2836 2392 2394
2838 2391 2835
2404 2395 2393
2833 2394 2396
2406 2404 2393
2836 2394 2833
2402 2398 2395
2995 2397 2399
2404 2402 2395
2993 2833 2396
2402 2400 2398
3058 2399 2401
3058 2995 2399
3056 2401 2403
3058 2401 3056
3052 2403 2405
3054 2403 3052
3056 2403 3054
3052 2405 2408
3049 2407 2411
3052 2408 3050
2430 2412 2409
3046 2410 2413
3049 2411 3047
2428 2414 2412
3044 2413 2416
2430 2428 2412
3046 2413 3044
2428 2417 2414
3041 2415 2418
3044 2416 3042
2425 2419 2417
3664 2418 2421
2428 2425 2417
3664 3041 2418
2425 2422 2419
3659 2420 2424
3661 2420 3659
3664 2421 3662
3577 2423 2427
3657 2423 3577
3574 2426 2429
3577 2427 3575
3603 2429 2431
3603 3574 2429
3607 2432 2434
3605 3603 2431
3651 2434 2436
3653 3607 2434
3653 2434 3651
3651 2436 2438
3649 2438 2440
3651 2438 3649
3647 2440 2442
3649 2440 3647
3643 2442 2444
3645 2442 3643
3647 2442 3645
3643 2444 2447
3590 2446 2449
3643 2447 3592
3593 3590 2449
2530 2451 2453
2530 2460 2451
2533 2530 2453
2535 2533 2453
2643 2535 2453
2546 2458 2455
2677 2455 2519
2548 2546 2455
2669 2548 2455
2672 2669 2455
2674 2672 2455
2677 2674 2455
2542 2539 2458
2645 2458 2539
2544 2542 2458
2546 2544 2458
2528 2462 2460
2530 2528 2460
2875 2465 2462
2526 2524 2462
2632 2462 2524
2528 2526 2462
2632 2629 2462
2878 2462 2629
2878 2875 2462
2873 2467 2465
2875 2873 2465
2871 2469 2467
2873 2871 2467
2867 2471 2469
2869 2867 2469
2871 2869 2469
2865 2473 2471
2867 2865 2471
2863 2475 2473
2865 2863 2473
2855 2477 2475
2858 2855 2475
2860 2858 2475
2863 2860 2475
2834 2480 2477
2578 2575 2477
2837 2477 2575
2580 2578 2477
2582 2580 2477
2853 2582 2477
2837 2834 2477
2855 2853 2477
2829 2482 2480
2832 2829 2480
2834 2832 2480
2797 2484 2482
2596 2593 2482
2805 2482 2593
2598 2596 2482
2600 2598 2482
2602 2600 2482
2827 2602 2482
2800 2797 2482
2802 2800 2482
2805 2802 2482
2829 2827 2482
2793 2487 2484
2795 2793 2484
2797 2795 2484
2491 2489 2487
2789 2491 2487
2791 2789 2487
2793 2791 2487
2783 2493 2491
2785 2783 2491
2787 2785 2491
2789 2787 2491
2779 2495 2493
2781 2779 2493
2783 2781 2493
2775 2497 2495
2777 2775 2495
2779 2777 2495
2768 2499 2497
2771 2768 2497
2773 2771 2497
2775 2773 2497
2740 2502 2499
2627 2499 2611
2763 2611 2499
2627 2625 2499
2743 2499 2625
2743 2740 2499
2766 2763 2499
2768 2766 2499
2734 2504 2502
2736 2734 2502
2738 2736 2502
2740 2738 2502
2706 2506 2504
2573 2504 2557
2724 2557 2504
2573 2571 2504
2711 2504 2571
2708 2706 2504
2711 2708 2504
2726 2724 2504
2729 2726 2504
2731 2729 2504
2734 2731 2504
2699 2509 2506
2701 2699 2506
2703 2701 2506
2706 2703 2506
2695 2511 2509
2697 2695 2509
2699 2697 2509
2691 2513 2511
2693 2691 2511
2695 2693 2511
2685 2515 2513
2687 2685 2513
2689 2687 2513
2691 2689 2513
2519 2517 2515
2683 2519 2515
2685 2683 2515
2679 2677 2519
2681 2679 2519
2683 2681 2519
2632 2524 2521
2890 2523 2525
2643 2521 2537
2887 2538 2522
2634 2632 2521
2643 2634 2521
2889 2887 2522
2894 2525 2527
2892 2890 2525
2894 2892 2525
2896 2527 2529
2896 2894 2527
2896 2529 2532
2880 2531 2534
2896 2532 2881
2885 2534 2536
2883 2880 2534
2885 2883 2534
2643 2537 2535
2887 2536 2538
2887 2885 2536
2908 2541 2543
2658 2539 2555
2905 2556 2540
2656 2645 2539
2658 2656 2539
2907 2905 2540
2912 2543 2545
2910 2908 2543
2912 2910 2543
2914 2545 2547
2914 2912 2545
2914 2547 2550
2664 2551 2548
2898 2549 2552
2667 2664 2548
2669 2667 2548
2914 2550 2899
2660 2553 2551
2903 2552 2554
2662 2660 2551
2664 2662 2551
2901 2898 2552
2903 2901 2552
2658 2555 2553
2905 2554 2556
2660 2658 2553
2905 2903 2554
2560 2557 2724
2926 2559 2561
2923 2574 2558
2724 2722 2560
2925 2923 2558
2722 2562 2560
2930 2561 2563
2928 2926 2561
2930 2928 2561
2720 2564 2562
2932 2563 2565
2722 2720 2562
2932 2930 2563
2720 2566 2564
2932 2565 2568
2716 2569 2566
2916 2567 2570
2718 2716 2566
2720 2718 2566
2932 2568 2917
2711 2571 2569
2921 2570 2572
2713 2711 2569
2716 2713 2569
2919 2916 2570
2921 2919 2570
2923 2572 2574
2923 2921 2572
2944 2577 2579
2837 2575 2591
2941 2592 2576
2943 2941 2576
2948 2579 2581
2946 2944 2579
2948 2946 2579
2950 2581 2583
2950 2948 2581
2853 2584 2582
2950 2583 2586
2842 2587 2584
2934 2585 2588
2850 2842 2584
2853 2850 2584
2950 2586 2935
2839 2589 2587
2939 2588 2590
2842 2839 2587
2937 2934 2588
2939 2937 2588
2839 2591 2589
2941 2590 2592
2941 2939 2590
2839 2837 2591
2962 2595 2597
2807 2593 2609
2959 2610 2594
2807 2805 2593
2961 2959 2594
2966 2597 2599
2964 2962 2597
2966 2964 2597
2968 2599 2601
2968 2966 2599
2968 2601 2604
2814 2605 2602
2952 2603 2606
2827 2814 2602
2968 2604 2953
2812 2607 2605
2957 2606 2608
2814 2812 2605
2955 2952 2606
2957 2955 2606
2810 2609 2607
2959 2608 2610
2812 2810 2607
2959 2957 2608
2810 2807 2609
2752 2614 2611
2980 2613 2615
2977 2628 2612
2754 2752 2611
2761 2754 2611
2763 2761 2611
2979 2977 2612
2750 2616 2614
2984 2615 2617
2752 2750 2614
2982 2980 2615
2984 2982 2615
2748 2618 2616
2986 2617 2619
2750 2748 2616
2986 2984 2617
2748 2620 2618
2986 2619 2622
2745 2623 2620
2970 2621 2624
2748 2745 2620
2986 2622 2971
2743 2625 2623
2975 2624 2626
2745 2743 2623
2973 2970 2624
2975 2973 2624
2977 2626 2628
2977 2975 2626
2641 2637 2634
2643 2641 2634
2641 2639 2637
2656 2647 2645
2654 2650 2647
2656 2654 2647
2654 2652 2650
2758 2756 2754
2761 2758 2754
3100 2780 2782
3098 2782 2784
3100 2782 3098
3098 2784 2786
3096 2786 2788
3098 2786 3096
3096 2788 2790
3094 2790 2792
3096 2790 3094
3094 2792 2794
3092 2794 2796
3094 2794 3092
3092 2796 2799
3089 2798 2801
3092 2799 3090
3087 2801 2804
3089 2801 3087
3084 2803 2806
3087 2804 3085
3082 2806 2809
3084 2806 3082
3079 2808 2811
3082 2809 3080
3077 2811 2813
3079 2811 3077
3075 2813 2815
3077 2813 3075
2827 2816 2814
3073 2815 2817
3075 2815 3073
2824 2818 2816
3071 2817 2819
2827 2824 2816
3073 2817 3071
2822 2820 2818
3069 2819 2821
2824 2822 2818
3071 2819 3069
3067 2821 2823
3069 2821 3067
3065 2823 2826
3067 2823 3065
3062 2825 2828
3065 2826 3063
3060 2828 2831
3062 2828 3060
2988 2830 2833
3060 2831 2990
2991 2988 2833
2993 2991 2833
2850 2844 2842
2848 2846 2844
2850 2848 2844
2891 2882 2884
2893 2882 2891
2897 2882 2893
2888 2884 2886
2891 2884 2888
2897 2893 2895
2909 2900 2902
2911 2900 2909
2915 2900 2911
2906 2902 2904
2909 2902 2906
2915 2911 2913
2927 2918 2920
2929 2918 2927
2933 2918 2929
2924 2920 2922
2927 2920 2924
2933 2929 2931
2945 2936 2938
2947 2936 2945
2951 2936 2947
2942 2938 2940
2945 2938 2942
2951 2947 2949
2963 2954 2956
2965 2954 2963
2969 2954 2965
2960 2956 2958
2963 2956 2960
2969 2965 2967
2981 2972 2974
2983 2972 2981
2987 2972 2983
2978 2974 2976
2981 2974 2978
2987 2983 2985
3055 2989 2992
3055 3053 2989
3059 2989 3053
3057 2992 2994
3057 3055 2992
3036 2999 2996
3146 2998 3000
3141 3036 2996
3172 3142 2997
3172 2997 3143
3036 3001 2999
3189 3000 3002
3189 3146 3000
3036 3003 3001
3189 3002 3004
3034 3005 3003
3187 3004 3006
3036 3034 3003
3189 3004 3187
3031 3008 3005
3239 3007 3009
3034 3031 3005
3212 3187 3006
3239 3213 3007
3015 3010 3008
3241 3009 3011
3018 3015 3008
3020 3018 3008
3023 3020 3008
3025 3023 3008
3031 3025 3008
3241 3239 3009
3015 3012 3010
3243 3011 3013
3243 3241 3011
3265 3014 3016
3264 3243 3013
3585 3017 3019
3538 3265 3016
3585 3539 3017
3585 3019 3022
3582 3021 3024
3585 3022 3583
3580 3024 3027
3582 3024 3580
3031 3028 3025
3577 3026 3029
3580 3027 3578
3656 3030 3033
3657 3577 3029
3657 3029 3654
3672 3032 3035
3673 3656 3033
3668 3035 3037
3670 3035 3668
3672 3035 3670
3141 3038 3036
3666 3037 3039
3668 3037 3666
3043 3040 3038
3664 3039 3041
3045 3043 3038
3135 3045 3038
3137 3135 3038
3139 3137 3038
3141 3139 3038
3666 3039 3664
3135 3048 3045
3061 3051 3048
3135 3061 3048
3059 3053 3051
3061 3059 3051
3131 3064 3061
3133 3131 3061
3135 3133 3061
3129 3066 3064
3131 3129 3064
3127 3068 3066
3129 3127 3066
3120 3070 3068
3125 3120 3068
3127 3125 3068
3118 3072 3070
3120 3118 3070
3118 3074 3072
3081 3076 3074
3083 3081 3074
3118 3083 3074
3081 3078 3076
3118 3086 3083
3116 3088 3086
3118 3116 3086
3116 3091 3088
3114 3093 3091
3116 3114 3091
3112 3095 3093
3114 3112 3093
3108 3097 3095
3110 3108 3095
3112 3110 3095
3106 3099 3097
3108 3106 3097
3103 3101 3099
3106 3103 3099
3317 3102 3105
3296 3294 3102
3317 3296 3102
3214 3104 3107
3320 3105 3215
3320 3317 3105
3223 3107 3109
3216 3214 3107
3218 3216 3107
3220 3218 3107
3223 3220 3107
3225 3109 3111
3225 3223 3109
3227 3111 3113
3227 3225 3111
3229 3113 3115
3229 3227 3113
3231 3115 3117
3231 3229 3115
3233 3117 3119
3233 3231 3117
3235 3119 3121
3235 3233 3119
3125 3122 3120
3237 3121 3124
3237 3235 3121
3155 3123 3126
3152 3147 3123
3237 3124 3148
3155 3152 3123
3155 3126 3128
3157 3128 3130
3157 3155 3128
3162 3130 3132
3160 3157 3130
3162 3160 3130
3164 3132 3134
3164 3162 3132
3166 3134 3136
3166 3164 3134
3168 3136 3138
3168 3166 3136
3170 3138 3140
3170 3168 3138
3170 3140 3142
3172 3170 3142
3181 3173 3144
3183 3181 3144
3188 3184 3145
3152 3149 3147
3237 3148 3151
3187 3150 3154
3212 3150 3187
3239 3151 3213
3239 3237 3151
3199 3153 3156
3196 3186 3153
3199 3196 3153
3204 3156 3159
3201 3199 3156
3204 3201 3156
3174 3158 3161
3204 3159 3175
3174 3161 3163
3177 3163 3165
3177 3174 3163
3179 3165 3167
3179 3177 3165
3179 3167 3169
3181 3169 3171
3181 3179 3169
3181 3171 3173
3195 3176 3178
3204 3175 3194
3195 3178 3180
3193 3180 3182
3195 3180 3193
3191 3182 3185
3193 3182 3191
3190 3184 3188
3190 3188 3186
3196 3190 3186
3209 3192 3190
3209 3190 3196
3207 3194 3192
3209 3207 3192
3207 3204 3194
3354 3197 3200
3323 3210 3198
3354 3322 3197
3356 3200 3202
3356 3354 3200
3405 3203 3206
3386 3356 3202
3405 3387 3203
3435 3205 3208
3435 3404 3205
3389 3208 3211
3437 3208 3389
3437 3435 3208
3388 3210 3323
3320 3215 3217
3266 3217 3219
3320 3217 3266
3268 3219 3221
3268 3266 3219
3272 3222 3224
3270 3268 3221
3371 3224 3226
3371 3272 3224
3369 3226 3228
3371 3226 3369
3367 3228 3230
3369 3228 3367
3365 3230 3232
3367 3230 3365
3361 3232 3234
3363 3232 3361
3365 3232 3363
3359 3234 3236
3361 3234 3359
3357 3236 3238
3359 3236 3357
3355 3238 3240
3357 3238 3355
3353 3240 3242
3355 3240 3353
3351 3242 3244
3353 3242 3351
3262 3245 3243
3349 3244 3246
3264 3262 3243
3351 3244 3349
3347 3246 3248
3262 3260 3245
3349 3246 3347
3345 3248 3250
3347 3248 3345
3343 3250 3252
3345 3250 3343
3339 3252 3254
3341 3252 3339
3343 3252 3341
3258 3255 3253
3339 3254 3257
3273 3256 3259
3339 3257 3275
3524 3261 3263
3538 3263 3265
3538 3524 3263
3372 3267 3269
3372 3321 3267
3372 3269 3271
3372 3271 3370
3338 3274 3277
3338 3277 3279
3402 3280 3282
3338 3279 3336
3402 3337 3280
3289 3284 3281
3403 3283 3285
3292 3289 3281
3289 3286 3284
3403 3285 3287
3465 3288 3290
3452 3403 3287
3465 3453 3288
3455 3291 3293
3465 3290 3454
3455 3293 3295
3455 3295 3297
3304 3297 3299
3310 3298 3296
3455 3297 3304
3312 3310 3296
3314 3312 3296
3317 3314 3296
3304 3299 3301
3308 3300 3298
3310 3308 3298
3305 3302 3300
3308 3305 3300
3421 3303 3307
3467 3303 3421
3465 3454 3303
3467 3465 3303
3418 3306 3309
3420 3306 3418
3418 3309 3311
3418 3311 3313
3418 3313 3315
3373 3316 3319
3419 3316 3373
3372 3318 3321
3352 3324 3322
3388 3323 3325
3354 3352 3322
3350 3326 3324
3390 3325 3327
3352 3350 3324
3390 3388 3325
3346 3328 3326
3392 3327 3329
3348 3346 3326
3350 3348 3326
3392 3390 3327
3344 3330 3328
3394 3329 3331
3346 3344 3328
3394 3392 3329
3342 3332 3330
3396 3331 3333
3344 3342 3330
3396 3394 3331
3340 3334 3332
3398 3333 3335
3342 3340 3332
3398 3396 3333
3338 3336 3334
3400 3335 3337
3340 3338 3334
3400 3398 3335
3402 3400 3337
3384 3358 3356
3386 3384 3356
3384 3360 3358
3382 3362 3360
3384 3382 3360
3378 3364 3362
3380 3378 3362
3382 3380 3362
3376 3366 3364
3378 3376 3364
3376 3368 3366
3374 3370 3368
3376 3374 3368
3374 3372 3370
3419 3373 3375
3417 3375 3377
3419 3375 3417
3415 3377 3379
3417 3377 3415
3413 3379 3381
3415 3379 3413
3411 3381 3383
3413 3381 3411
3409 3383 3385
3411 3383 3409
3407 3385 3387
3409 3385 3407
3407 3387 3405
3439 3389 3391
3439 3437 3389
3441 3391 3393
3441 3439 3391
3441 3393 3395
3443 3395 3397
3443 3441 3395
3448 3397 3399
3446 3443 3397
3448 3446 3397
3450 3399 3401
3450 3448 3399
3452 3401 3403
3452 3450 3401
3433 3406 3404
3435 3433 3404
3431 3408 3406
3433 3431 3406
3429 3410 3408
3431 3429 3408
3426 3412 3410
3429 3426 3410
3424 3414 3412
3426 3424 3412
3422 3416 3414
3424 3422 3414
3420 3418 3416
3422 3420 3416
3469 3421 3423
3469 3467 3421
3471 3423 3425
3471 3469 3423
3471 3425 3427
3474 3428 3430
3473 3471 3427
3478 3430 3432
3476 3474 3430
3478 3476 3430
3478 3432 3434
3480 3434 3436
3480 3478 3434
3482 3436 3438
3482 3480 3436
3484 3438 3440
3484 3482 3438
3488 3440 3442
3486 3484 3440
3488 3486 3440
3488 3442 3445
3456 3444 3447
3488 3445 3457
3459 3447 3449
3459 3456 3447
3461 3449 3451
3461 3459 3449
3463 3451 3453
3463 3461 3451
3465 3463 3453
3490 3458 3460
3522 3489 3458
3522 3458 3490
3495 3460 3462
3493 3490 3460
3495 3493 3460
3497 3462 3464
3497 3495 3462
3468 3464 3466
3499 3464 3468
3499 3497 3464
3501 3468 3470
3501 3499 3468
3503 3470 3472
3503 3501 3470
3505 3472 3475
3505 3503 3472
3507 3475 3477
3507 3505 3475
3512 3477 3479
3510 3507 3477
3512 3510 3477
3514 3479 3481
3514 3512 3479
3485 3481 3483
3516 3481 3485
3516 3514 3481
3518 3485 3487
3518 3516 3485
3520 3487 3489
3520 3518 3487
3522 3520 3489
3530 3525 3528
3538 3527 3524
3544 3525 3530
3533 3529 3527
3536 3533 3527
3538 3536 3527
3545 3532 3534
3543 3530 3540
3545 3542 3532
3544 3530 3543
3550 3535 3537
3548 3545 3534
3585 3537 3539
3585 3550 3537
3563 3547 3549
3565 3557 3547
3565 3547 3563
3560 3553 3555
3567 3555 3557
3567 3560 3555
3567 3557 3565
3601 3589 3574
3603 3601 3574
3597 3587 3589
3597 3595 3587
3599 3597 3589
3601 3599 3589
3634 3591 3594
3642 3591 3634
3636 3594 3596
3636 3634 3594
3638 3596 3598
3638 3636 3596
3611 3598 3600
3640 3598 3611
3640 3638 3598
3613 3600 3602
3613 3611 3600
3615 3602 3604
3615 3613 3602
3617 3604 3606
3617 3615 3604
3652 3617 3606
3640 3611 3608
3652 3619 3617
3650 3621 3619
3652 3650 3619
3648 3623 3621
3650 3648 3621
3628 3625 3623
3648 3628 3623
3646 3630 3628
3648 3646 3628
3644 3632 3630
3646 3644 3630
3642 3634 3632
3644 3642 3632
3688 3658 3655
3671 3669 3655
3674 3655 3669
3690 3655 3674
3690 3688 3655
3688 3660 3658
3686 3663 3660
3688 3686 3660
3683 3665 3663
3686 3683 3663
3677 3667 3665
3679 3677 3665
3681 3679 3665
3683 3681 3665
3674 3669 3667
3677 3674 3667
3703 3676 3678
3700 3691 3675
3702 3700 3675
3708 3678 3680
3706 3703 3678
3708 3706 3678
3708 3680 3682
3710 3682 3685
3710 3708 3682
3692 3684 3687
3710 3685 3693
3698 3687 3689
3696 3692 3687
3698 3696 3687
3698 3689 3691
3700 3698 3691
3714 3695 3697
3712 3711 3694
3714 3697 3699
3714 3699 3701
3714 3701 3705
3712 3704 3707
3712 3707 3709
3712 3709 3711
3738 3719 3721
3736 3735 3718
3738 3721 3723
3738 3723 3725
3738 3725 3729
3736 3728 3731
3736 3731 3733
3736 3733 3735
3762 3743 3745
3760 3759 3742
3762 3745 3747
3762 3747 3749
3762 3749 3753
3760 3752 3755
3760 3755 3757
3760 3757 3759
3786 3767 3769
3784 3783 3766
3786 3769 3771
3786 3771 3773
3786 3773 3777
3784 3776 3779
3784 3779 3781
3784 3781 3783
3964 3791 3788
3985 3790 3792
3967 3788 3864
3981 3865 3789
3967 3964 3788
3983 3981 3789
3962 3793 3791
3985 3792 3794
3964 3962 3791
3954 3796 3793
4310 3795 3797
3957 3954 3793
3959 3957 3793
3962 3959 3793
4309 3985 3794
3950 3798 3796
4316 3797 3799
3952 3950 3796
3954 3952 3796
4316 4310 3797
3948 3800 3798
4312 3799 3801
3950 3948 3798
4316 3799 4312
3945 3802 3800
4314 3801 3804
3948 3945 3800
4314 4312 3801
3935 3805 3802
4270 3803 3806
3938 3935 3802
3940 3938 3802
3943 3940 3802
3945 3943 3802
4314 3804 4271
3933 3807 3805
4031 3806 3809
3935 3933 3805
4270 3806 4031
3933 3810 3807
4028 3808 3811
4031 3809 4029
3931 3812 3810
4026 3811 3813
3933 3931 3810
4028 3811 4026
3928 3814 3812
4024 3813 3816
3931 3928 3812
4026 3813 4024
3923 3817 3814
4021 3815 3818
3926 3923 3814
3928 3926 3814
4024 3816 4022
3921 3819 3817
4021 3818 3820
3923 3921 3817
3918 3822 3819
4249 3821 3823
3921 3918 3819
4248 4021 3820
3916 3824 3822
4251 3823 3825
3918 3916 3822
4251 4249 3823
3914 3826 3824
4253 3825 3827
3916 3914 3824
4253 4251 3825
3909 3828 3826
4255 3827 3830
3912 3909 3826
3914 3912 3826
4255 4253 3827
3904 3831 3828
4205 3829 3832
3907 3904 3828
3909 3907 3828
4255 3830 4206
3899 3833 3831
4009 3832 3835
3902 3899 3831
3904 3902 3831
4205 3832 4009
3897 3836 3833
4203 3834 3837
3899 3897 3833
4009 3835 4007
4201 4006 3834
4203 4201 3834
3895 3838 3836
4176 3837 3839
3897 3895 3836
4176 4173 3837
4203 3837 4173
3893 3840 3838
4178 3839 3842
3895 3893 3838
4178 4176 3839
3888 3843 3840
3999 3841 3844
3890 3888 3840
3893 3890 3840
4002 3842 4000
4185 3842 4002
4181 4178 3842
4183 4181 3842
4185 4183 3842
3883 3845 3843
3999 3844 3846
3885 3883 3843
3888 3885 3843
3878 3848 3845
4152 3847 3849
3880 3878 3845
3883 3880 3845
4151 3999 3846
3876 3850 3848
4154 3849 3851
3878 3876 3848
4154 4152 3849
3874 3852 3850
4156 3851 3853
3876 3874 3850
4156 4154 3851
3871 3854 3852
4158 3853 3856
3874 3871 3852
4158 4156 3853
3869 3857 3854
4108 3855 3858
3871 3869 3854
4158 3856 4109
3974 3859 3857
3987 3858 3861
3869 3866 3857
3974 3857 3866
4108 3858 3987
3971 3862 3859
3976 3860 3863
3974 3971 3859
3987 3861 3978
3969 3864 3862
3979 3863 3865
3971 3969 3862
3979 3976 3863
3969 3967 3864
3981 3979 3865
4461 3868 3870
4463 3975 3867
4463 3867 4460
4458 3870 3872
4461 3870 4458
4456 3873 3875
4458 3872 4455
4453 3875 3877
4456 3875 4453
4451 3877 3879
4453 3877 4451
4449 3879 3882
4451 3879 4449
4446 3881 3884
4449 3882 4447
4554 3884 3886
4554 4446 3884
4552 3887 3889
4554 3886 4551
4549 3889 3891
4552 3889 4549
4547 3892 3894
4549 3891 4546
4544 3894 3896
4547 3894 4544
4542 3896 3898
4544 3896 4542
4540 3898 3900
4542 3898 4540
4538 3901 3903
4540 3900 4537
4535 3903 3905
4538 3903 4535
4533 3906 3908
4535 3905 4532
4530 3908 3910
4533 3908 4530
4528 3911 3913
4530 3910 4527
4525 3913 3915
4528 3913 4525
4523 3915 3917
4525 3915 4523
4521 3917 3919
4523 3917 4521
4519 3920 3922
4521 3919 4518
4516 3922 3924
4519 3922 4516
4514 3925 3927
4516 3924 4513
4511 3927 3929
4514 3927 4511
4509 3930 3932
4511 3929 4508
4506 3932 3934
4509 3932 4506
4504 3934 3936
4506 3934 4504
4502 3937 3939
4504 3936 4501
4499 3939 3941
4502 3939 4499
4497 3942 3944
4499 3941 4496
4494 3944 3946
4497 3944 4494
4492 3947 3949
4494 3946 4491
4489 3949 3951
4492 3949 4489
4487 3951 3953
4489 3951 4487
4485 3953 3955
4487 3953 4485
4483 3956 3958
4485 3955 4482
4480 3958 3960
4483 3958 4480
4478 3961 3963
4480 3960 4477
4475 3963 3965
4478 3963 4475
4473 3966 3968
4475 3965 4472
4470 3968 3970
4473 3968 4470
4468 3970 3972
4470 3970 4468
4466 3973 3975
4468 3972 4465
4466 3975 4463
4101 3977 3980
4099 3986 3977
4101 4099 3977
4104 3980 3982
4104 4101 3980
4106 3982 3984
4106 4104 3982
4042 3984 4040
4301 4041 3985
4106 3984 4042
4304 4301 3985
4307 4304 3985
4309 4307 3985
3990 3988 3986
4119 3987 3989
4097 3990 3986
4099 4097 3986
4111 4108 3987
4113 4111 3987
4116 4113 3987
4119 4116 3987
4126 3989 3991
4121 4119 3989
4124 4121 3989
4126 4124 3989
4095 3992 3990
4130 3991 3993
4097 4095 3990
4128 4126 3991
4130 4128 3991
4093 3994 3992
4134 3993 3995
4095 4093 3992
4132 4130 3993
4134 4132 3993
4091 3996 3994
4138 3995 3997
4093 4091 3994
4136 4134 3995
4138 4136 3995
4086 3998 3996
4143 3997 3999
4089 4086 3996
4091 4089 3996
4141 4138 3997
4143 4141 3997
4084 4001 3998
4086 4084 3998
4146 4143 3999
4149 4146 3999
4151 4149 3999
4082 4003 4001
4192 4002 4004
4084 4082 4001
4187 4185 4002
4189 4187 4002
4192 4189 4002
4082 4005 4003
4194 4004 4006
4194 4192 4004
4077 4008 4005
4079 4077 4005
4082 4079 4005
4197 4194 4006
4199 4197 4006
4201 4199 4006
4075 4010 4008
4216 4009 4011
4077 4075 4008
4208 4205 4009
4210 4208 4009
4213 4210 4009
4216 4213 4009
4073 4012 4010
4221 4011 4013
4075 4073 4010
4218 4216 4011
4221 4218 4011
4071 4014 4012
4225 4013 4015
4073 4071 4012
4223 4221 4013
4225 4223 4013
4018 4016 4014
4229 4015 4017
4069 4018 4014
4071 4069 4014
4227 4225 4015
4229 4227 4015
4231 4017 4019
4231 4229 4017
4067 4020 4018
4240 4019 4021
4069 4067 4018
4233 4231 4019
4235 4233 4019
4238 4235 4019
4240 4238 4019
4064 4023 4020
4067 4064 4020
4243 4240 4021
4246 4243 4021
4248 4246 4021
4062 4025 4023
4064 4062 4023
4060 4027 4025
4062 4060 4025
4057 4030 4027
4060 4057 4027
4055 4032 4030
4281 4031 4033
4057 4055 4030
4273 4270 4031
4275 4273 4031
4278 4275 4031
4281 4278 4031
4053 4034 4032
4286 4033 4035
4055 4053 4032
4283 4281 4033
4286 4283 4033
4049 4036 4034
4288 4035 4037
4051 4049 4034
4053 4051 4034
4288 4286 4035
4047 4038 4036
4294 4037 4039
4049 4047 4036
4290 4288 4037
4292 4290 4037
4294 4292 4037
4045 4040 4038
4296 4039 4041
4047 4045 4038
4296 4294 4039
4045 4042 4040
4299 4296 4041
4301 4299 4041
5462 4044 4046
5464 4107 4043
5464 4043 5461
5457 4046 4048
5459 4046 5457
5462 4046 5459
5455 4048 4050
5457 4048 5455
5453 4050 4052
5455 4050 5453
5451 4052 4054
5453 4052 5451
5449 4054 4056
5451 4054 5449
5449 4056 4059
5446 4058 4061
5449 4059 5447
5444 4061 4063
5446 4061 5444
5442 4063 4066
5444 4063 5442
5439 4065 4068
5442 4066 5440
5437 4068 4070
5439 4068 5437
5435 4070 4072
5437 4070 5435
5433 4072 4074
5435 4072 5433
5431 4074 4076
5433 4074 5431
5429 4076 4078
5431 4076 5429
5427 4078 4081
5429 4078 5427
5424 4080 4083
5427 4081 5425
5422 4083 4085
5424 4083 5422
5420 4085 4088
5422 4085 5420
5417 4087 4090
5420 4088 5418
5415 4090 4092
5417 4090 5415
5413 4092 4094
5415 4092 5413
5411 4094 4096
5413 4094 5411
5409 4096 4098
5411 4096 5409
5407 4098 4100
5409 4098 5407
5405 4100 4103
5407 4100 5405
5402 4102 4105
5405 4103 5403
5466 4105 4107
5466 5402 4105
5466 4107 5464
4114 4110 4112
4159 4110 4114
4162 4114 4117
4162 4159 4114
4122 4118 4120
4168 4118 4122
4167 4162 4117
4127 4123 4125
4129 4123 4127
4172 4123 4129
4171 4168 4122
4172 4129 4131
4172 4131 4133
4172 4133 4135
4170 4135 4137
4172 4135 4170
4170 4137 4140
4164 4139 4142
4169 4139 4164
4164 4142 4145
4160 4144 4147
4163 4144 4160
4155 4147 4150
4160 4147 4155
4155 4150 4153
4160 4155 4157
4161 4157 4159
4161 4160 4157
4162 4161 4159
4163 4160 4161
4165 4161 4162
4165 4163 4161
4167 4165 4162
4169 4164 4166
4171 4166 4168
4171 4169 4166
4333 4174 4177
4350 4204 4175
4350 4175 4334
4333 4177 4179
4337 4180 4182
4336 4333 4179
4357 4182 4184
4355 4337 4182
4357 4355 4182
4359 4184 4186
4359 4357 4184
4361 4186 4188
4361 4359 4186
4363 4188 4191
4363 4361 4188
4352 4190 4193
4363 4191 4353
4352 4193 4196
4339 4195 4198
4352 4196 4340
4344 4198 4200
4342 4339 4198
4344 4342 4198
4346 4200 4202
4346 4344 4200
4348 4202 4204
4348 4346 4202
4350 4348 4204
4211 4207 4209
4256 4207 4211
4259 4211 4214
4259 4256 4211
4219 4215 4217
4265 4215 4219
4264 4259 4214
4269 4220 4222
4268 4265 4219
4269 4222 4224
4269 4224 4226
4269 4226 4228
4267 4228 4230
4269 4228 4267
4267 4230 4232
4267 4232 4234
4267 4234 4237
4261 4236 4239
4266 4236 4261
4261 4239 4242
4257 4241 4244
4260 4241 4257
4252 4244 4247
4257 4244 4252
4252 4247 4250
4257 4252 4254
4258 4254 4256
4258 4257 4254
4259 4258 4256
4260 4257 4258
4262 4258 4259
4262 4260 4258
4264 4262 4259
4266 4261 4263
4268 4263 4265
4268 4266 4263
4276 4272 4274
4315 4272 4276
4318 4276 4279
4318 4315 4276
4284 4280 4282
4326 4280 4284
4325 4318 4279
4330 4285 4287
4329 4326 4284
4330 4287 4289
4330 4289 4291
4328 4291 4293
4330 4291 4328
4332 4293 4295
4332 4328 4293
4332 4295 4298
4322 4297 4300
4331 4297 4322
4322 4300 4303
4320 4302 4305
4321 4302 4320
4317 4305 4308
4320 4305 4317
4317 4308 4311
4319 4313 4315
4320 4317 4313
4320 4313 4319
4319 4315 4318
4323 4319 4318
4325 4323 4318
4321 4320 4319
4323 4321 4319
4331 4322 4324
4327 4324 4326
4331 4324 4327
4329 4327 4326
4370 4335 4338
4351 4335 4343
4365 4343 4335
4368 4365 4335
4370 4368 4335
4388 4338 4356
4372 4370 4338
4374 4372 4338
4383 4374 4338
4386 4383 4338
4388 4386 4338
4379 4341 4343
4397 4354 4341
4377 4374 4341
4383 4341 4374
4379 4377 4341
4399 4341 4383
4399 4397 4341
4351 4343 4345
4381 4343 4365
4381 4379 4343
4349 4345 4347
4351 4345 4349
4364 4354 4356
4392 4356 4354
4395 4392 4354
4397 4395 4354
4364 4356 4358
4390 4388 4356
4392 4390 4356
4362 4358 4360
4364 4358 4362
4412 4367 4369
4408 4382 4366
4410 4408 4366
4424 4369 4371
4426 4412 4369
4426 4369 4424
4419 4371 4373
4422 4371 4419
4424 4371 4422
4427 4373 4376
4427 4419 4373
4413 4375 4378
4427 4376 4414
4401 4378 4380
4416 4378 4401
4416 4413 4378
4404 4380 4382
4404 4401 4380
4406 4404 4382
4408 4406 4382
6986 4385 4387
6988 4400 4384
6988 4384 6985
6981 4387 4389
6983 4387 6981
6986 4387 6983
7000 4389 4391
7000 6981 4389
6996 4391 4394
6998 4391 6996
7000 4391 6998
6993 4393 4396
6996 4394 6994
7004 4396 4398
7006 6993 4396
7006 4396 7004
6991 4398 4400
7002 4398 6991
7004 4398 7002
6991 4400 6988
4407 4402 4405
4409 4402 4407
4411 4402 4409
4425 4402 4411
4440 4417 4403
4421 4418 4402
4429 4403 4420
4423 4421 4402
4425 4423 4402
4442 4403 4429
4442 4440 4403
4440 4415 4417
4429 4428 4415
4432 4429 4415
4440 4432 4415
4429 4420 4428
4539 4430 4433
4688 4444 4431
4560 4430 4539
4687 4430 4560
4437 4434 4432
4539 4433 4435
4440 4437 4432
6364 4436 4439
4685 4539 4435
6364 4686 4436
6201 4438 4441
6363 4438 6201
6201 4441 4443
6362 4444 4688
6535 6201 4443
6535 4443 6361
4891 4448 4445
4893 4445 4553
4893 4891 4445
4889 4450 4448
4891 4889 4448
4887 4452 4450
4889 4887 4450
4457 4454 4452
4459 4457 4452
4462 4459 4452
4882 4462 4452
4884 4882 4452
4887 4884 4452
4878 4464 4462
4880 4878 4462
4882 4880 4462
4630 4467 4464
4632 4630 4464
4870 4632 4464
4873 4870 4464
4875 4873 4464
4878 4875 4464
4843 4469 4467
4630 4627 4467
4643 4467 4627
4643 4641 4467
4850 4467 4641
4845 4843 4467
4848 4845 4467
4850 4848 4467
4648 4471 4469
4650 4648 4469
4838 4650 4469
4840 4838 4469
4843 4840 4469
4820 4474 4471
4648 4645 4471
4661 4471 4645
4820 4471 4661
4815 4476 4474
4818 4815 4474
4820 4818 4474
4813 4479 4476
4815 4813 4476
4810 4481 4479
4813 4810 4479
4805 4484 4481
4808 4805 4481
4810 4808 4481
4801 4486 4484
4803 4801 4484
4805 4803 4484
4799 4488 4486
4801 4799 4486
4796 4490 4488
4799 4796 4488
4791 4493 4490
4794 4791 4490
4796 4794 4490
4789 4495 4493
4791 4789 4493
4784 4498 4495
4786 4784 4495
4789 4786 4495
4782 4500 4498
4784 4782 4498
4761 4503 4500
4607 4500 4591
4782 4591 4500
4607 4605 4500
4761 4500 4605
4754 4505 4503
4756 4754 4503
4759 4756 4503
4761 4759 4503
4726 4507 4505
4576 4573 4505
4589 4505 4573
4754 4576 4505
4589 4587 4505
4734 4505 4587
4729 4726 4505
4731 4729 4505
4734 4731 4505
4722 4510 4507
4724 4722 4507
4726 4724 4507
4517 4512 4510
4722 4517 4510
4517 4515 4512
4717 4520 4517
4720 4717 4517
4722 4720 4517
4715 4522 4520
4717 4715 4520
4713 4524 4522
4715 4713 4522
4711 4526 4524
4713 4711 4524
4708 4529 4526
4711 4708 4526
4706 4531 4529
4708 4706 4529
4703 4534 4531
4706 4703 4531
4701 4536 4534
4703 4701 4534
4564 4539 4536
4567 4564 4536
4569 4567 4536
4698 4569 4536
4701 4698 4536
4685 4541 4539
4562 4560 4539
4564 4562 4539
4623 4543 4541
4682 4623 4541
4685 4682 4541
4901 4545 4543
4618 4616 4543
4666 4543 4616
4621 4618 4543
4623 4621 4543
4666 4663 4543
4901 4543 4663
4898 4548 4545
4901 4898 4545
4898 4550 4548
4896 4553 4550
4898 4896 4550
4896 4893 4553
4687 4558 4555
4913 4557 4559
4689 4555 4571
4910 4572 4556
4689 4687 4555
4912 4910 4556
4687 4560 4558
4917 4559 4561
4915 4913 4559
4917 4915 4559
4919 4561 4563
4919 4917 4561
4919 4563 4566
4903 4565 4568
4919 4566 4904
4908 4568 4570
4906 4903 4568
4908 4906 4568
4691 4571 4569
4910 4570 4572
4696 4691 4569
4698 4696 4569
4910 4908 4570
4691 4689 4571
4988 4574 4577
4991 4590 4575
4991 4575 4989
4752 4578 4576
5002 4577 4579
4754 4752 4576
5004 4988 4577
5004 4577 5002
4739 4580 4578
5000 4579 4581
4741 4739 4578
4750 4741 4578
4752 4750 4578
5002 4579 5000
4739 4582 4580
5000 4581 4583
4736 4585 4582
4998 4584 4586
4739 4736 4582
5000 4583 4997
4734 4587 4585
4993 4586 4588
4736 4734 4585
4995 4586 4993
4998 4586 4995
4991 4588 4590
4993 4588 4991
4782 4594 4591
5006 4592 4595
5009 4608 4593
5009 4593 5007
4780 4596 4594
5020 4595 4597
4782 4780 4594
5022 5006 4595
5022 4595 5020
4769 4598 4596
5018 4597 4599
4777 4769 4596
4780 4777 4596
5020 4597 5018
4766 4600 4598
5018 4599 4601
4769 4766 4598
4766 4603 4600
5016 4602 4604
5018 4601 5015
4764 4605 4603
5011 4604 4606
4766 4764 4603
5013 4604 5011
5016 4604 5013
5009 4606 4608
4764 4761 4605
5011 4606 5009
4673 4612 4609
5024 4610 4613
4673 4609 4625
5027 4626 4611
5027 4611 5025
4671 4614 4612
5038 4613 4615
4673 4671 4612
5040 5024 4613
5040 4613 5038
4668 4616 4614
5036 4615 4617
4671 4668 4614
5038 4615 5036
5036 4617 4619
4668 4666 4616
5034 4620 4622
5036 4619 5033
5029 4622 4624
5031 4622 5029
5034 4622 5031
4675 4625 4623
5027 4624 4626
4677 4675 4623
4680 4677 4623
4682 4680 4623
5029 4624 5027
4675 4673 4625
5042 4628 4631
5045 4644 4629
5045 4629 5043
5056 4631 4633
5058 5042 4631
5058 4631 5056
4865 4634 4632
5054 4633 4635
4868 4865 4632
4870 4868 4632
5056 4633 5054
4865 4636 4634
5054 4635 4637
4863 4639 4636
5052 4638 4640
4865 4863 4636
5054 4637 5051
4861 4641 4639
5047 4640 4642
4863 4861 4639
5049 4640 5047
5052 4640 5049
5045 4642 4644
4861 4850 4641
5047 4642 5045
5060 4646 4649
5063 4662 4647
5063 4647 5061
5074 4649 4651
5076 5060 4649
5076 4649 5074
4838 4652 4650
5072 4651 4653
5074 4651 5072
4835 4654 4652
5072 4653 4655
4838 4835 4652
4833 4657 4654
5070 4656 4658
4835 4833 4654
5072 4655 5069
4833 4659 4657
5065 4658 4660
5067 4658 5065
5070 4658 5067
4822 4661 4659
5063 4660 4662
4824 4822 4659
4831 4824 4659
4833 4831 4659
5065 4660 5063
4822 4820 4661
6386 4665 4667
6946 4902 4664
6388 4664 6385
6391 4664 6388
6946 4664 6391
6383 4667 4669
6386 4667 6383
6381 4670 4672
6383 4669 6380
6376 4672 4674
6378 4672 6376
6381 4672 6378
6374 4674 4676
6376 4674 6374
6374 4676 4678
6979 4679 4681
6374 4678 6371
6979 6372 4679
6369 4681 4683
6984 4681 6369
6982 6979 4681
6984 6982 4681
6367 4684 4686
6369 4683 6366
6367 4686 6364
6360 4688 4690
6362 4688 6360
6358 4690 4692
6360 4690 6358
4696 4693 4691
6358 4692 4695
6355 4694 4697
6358 4695 6356
6353 4697 4700
6355 4697 6353
6350 4699 4702
6353 4700 6351
6844 4702 4705
6350 4702 6348
6821 6348 4702
6844 6821 4702
6815 4704 4707
6844 4705 6817
6818 4707 4710
6818 6815 4707
6807 4709 4712
6818 4710 6808
6320 4712 4714
6322 4712 6320
6812 4712 6322
6810 6807 4712
6812 6810 4712
6318 4714 4716
6320 4714 6318
6756 4716 4718
6756 6318 4716
6786 4719 4721
6788 6756 4718
6788 4718 6785
6783 4721 4723
6786 4721 6783
6781 4723 4725
6783 4723 6781
6779 4725 4728
6781 4725 6779
6747 4727 4730
6779 4728 6749
6752 4730 4733
6750 6747 4730
6752 6750 4730
6287 4732 4735
6290 4733 6288
6292 4733 6290
6752 4733 6292
6285 4735 4738
6287 4735 6285
6282 4737 4740
6285 4738 6283
6280 4740 4742
6282 4740 6280
4745 4743 4741
6278 4742 4744
4747 4745 4741
4750 4747 4741
6280 4742 6278
6276 4744 4746
6278 4744 6276
6274 4746 4749
6276 4746 6274
6271 4748 4751
6274 4749 6272
6269 4751 4753
6271 4751 6269
6267 4753 4755
6269 4753 6267
6265 4755 4758
6267 4755 6265
6262 4757 4760
6265 4758 6263
6260 4760 4763
6262 4760 6260
6257 4762 4765
6260 4763 6258
6255 4765 4768
6257 4765 6255
6252 4767 4770
6255 4768 6253
4777 4771 4769
6248 4770 4772
6250 4770 6248
6252 4770 6250
4775 4773 4771
6248 4772 4774
4777 4775 4771
6246 4774 4776
6248 4774 6246
6244 4776 4779
6246 4776 6244
6241 4778 4781
6244 4779 6242
6239 4781 4783
6241 4781 6239
6237 4783 4785
6239 4783 6237
6235 4785 4788
6237 4785 6235
6232 4787 4790
6235 4788 6233
6728 4790 4793
6705 6232 4790
6728 6705 4790
6699 4792 4795
6728 4793 6701
6702 4795 4798
6702 6699 4795
6691 4797 4800
6702 4798 6692
6202 4800 4802
6204 4800 6202
6696 4800 6204
6694 6691 4800
6696 6694 4800
6200 4802 4804
6202 4802 6200
6644 4804 4806
6644 6200 4804
6670 4807 4809
6672 6644 4806
6672 4806 6669
6667 4809 4812
6670 4809 6667
6661 4811 4814
6667 4812 6663
6653 4814 4816
6664 4814 6653
6664 6661 4814
6504 4817 4819
6506 4816 6503
6509 4816 6506
6653 4816 6509
6501 4819 4821
6504 4819 6501
6499 4821 4823
6501 4821 6499
6497 4823 4825
6499 4823 6497
4831 4827 4824
6495 4826 4828
6497 4825 6494
4831 4829 4827
6492 4828 4830
6495 4828 6492
6490 4830 4832
6492 4830 6490
6486 4832 4834
6488 4832 6486
6490 4832 6488
6486 4834 4836
6484 4837 4839
6486 4836 6483
6481 4839 4841
6484 4839 6481
6479 4842 4844
6481 4841 6478
6476 4844 4846
6479 4844 6476
6474 4847 4849
6476 4846 6473
6471 4849 4851
6474 4849 6471
4861 4852 4850
6469 4851 4853
6471 4851 6469
4861 4854 4852
6467 4853 4855
6469 4853 6467
4859 4857 4854
6465 4856 4858
4861 4859 4854
6467 4855 6464
6462 4858 4860
6465 4858 6462
6460 4860 4862
6462 4860 6460
6458 4862 4864
6460 4862 6458
6456 4864 4866
6458 4864 6456
6454 4867 4869
6456 4866 6453
6451 4869 4871
6454 4869 6451
6449 4872 4874
6451 4871 6448
6866 4874 4876
6449 4874 6446
6863 6446 4874
6866 6863 4874
6870 4877 4879
6868 6866 4876
6904 4879 4881
6904 6870 4879
6902 4881 4883
6904 4881 6902
6900 4883 4886
6902 4883 6900
6897 4885 4888
6900 4886 6898
6418 4888 4890
6421 4888 6418
6893 4888 6421
6895 4888 6893
6897 4888 6895
6416 4890 4892
6418 4890 6416
6923 4892 4894
6923 6416 4892
6930 4895 4897
6926 6923 4894
6928 6926 4894
6960 4897 4900
6960 6930 4897
6954 4899 4902
6960 4900 6956
6957 4902 6946
6957 6954 4902
5314 4905 4907
4941 4920 4905
5311 4941 4905
5314 5311 4905
5316 4907 4909
5316 5314 4907
5319 4909 4911
5319 5316 4909
5321 4911 4914
5321 5319 4911
5321 4914 4916
5323 4916 4918
5323 5321 4916
4941 4918 4920
5325 4918 4941
5325 5323 4918
5126 4924 4921
5344 4923 4925
5130 4921 4985
5340 4986 4922
5128 5126 4921
5130 5128 4921
5342 5340 4922
4928 4926 4924
5400 4925 4927
5122 4928 4924
5124 5122 4924
5126 5124 4924
5400 5344 4925
5398 4927 4929
5400 4927 5398
5116 4930 4928
5396 4929 4931
5118 5116 4928
5120 5118 4928
5122 5120 4928
5398 4929 5396
5112 4932 4930
5394 4931 4933
5114 5112 4930
5116 5114 4930
5396 4931 5394
5108 4934 4932
5392 4933 4935
5110 5108 4932
5112 5110 4932
5394 4933 5392
5101 4936 4934
5390 4935 4938
5104 5101 4934
5106 5104 4934
5108 5106 4934
5392 4935 5390
5077 4939 4936
5387 4937 4940
5035 5032 4936
5077 4936 5032
5037 5035 4936
5096 5037 4936
5099 5096 4936
5101 5099 4936
5390 4938 5388
5333 4941 4939
5385 4940 4942
5333 4939 5077
5387 4940 5385
5309 4943 4941
5383 4942 4945
5311 5309 4941
5328 5325 4941
5330 5328 4941
5333 5330 4941
5385 4942 5383
5302 4946 4943
5380 4944 4947
5304 5302 4943
5306 5304 4943
5309 5306 4943
5383 4945 5381
5298 4948 4946
5378 4947 4949
5300 5298 4946
5302 5300 4946
5380 4947 5378
5294 4950 4948
5376 4949 4951
5296 5294 4948
5298 5296 4948
5378 4949 5376
5288 4952 4950
5374 4951 4953
5290 5288 4950
5292 5290 4950
5294 5292 4950
5376 4951 5374
4956 4954 4952
5372 4953 4955
5286 4956 4952
5288 5286 4952
5374 4953 5372
5370 4955 4957
5372 4955 5370
5280 4958 4956
5368 4957 4960
5282 5280 4956
5284 5282 4956
5286 5284 4956
5370 4957 5368
4990 4961 4958
5365 4959 4962
4992 4990 4958
5272 4992 4958
5275 5272 4958
5277 5275 4958
5280 5277 4958
5368 4960 5366
5245 4963 4961
5363 4962 4964
4990 4987 4961
5003 4961 4987
5003 5001 4961
5252 4961 5001
5247 5245 4961
5250 5247 4961
5252 5250 4961
5365 4962 5363
5008 4965 4963
5361 4964 4967
5010 5008 4963
5240 5010 4963
5242 5240 4963
5245 5242 4963
5363 4964 5361
5212 4968 4965
5358 4966 4969
5008 5005 4965
5021 4965 5005
5222 4965 5021
5215 5212 4965
5217 5215 4965
5220 5217 4965
5222 5220 4965
5361 4967 5359
5208 4970 4968
5354 4969 4971
5210 5208 4968
5212 5210 4968
5356 4969 5354
5358 4969 5356
5206 4972 4970
5352 4971 4973
5208 5206 4970
5354 4971 5352
5204 4974 4972
5350 4973 4975
5206 5204 4972
5352 4973 5350
5202 4976 4974
5348 4975 4977
5204 5202 4974
5350 4975 5348
5198 4978 4976
5346 4977 4979
5200 5198 4976
5202 5200 4976
5348 4977 5346
5190 4980 4978
5346 4979 4982
5193 5190 4978
5195 5193 4978
5198 5195 4978
5165 4983 4980
5335 4981 4984
5075 4980 5059
5186 5059 4980
5075 5073 4980
5165 4980 5073
5188 5186 4980
5190 5188 4980
5346 4982 5337
5158 4985 4983
5338 4984 4986
5160 5158 4983
5163 5160 4983
5165 5163 4983
5338 5335 4984
5044 5041 4985
5057 4985 5041
5158 5044 4985
5057 5055 4985
5138 4985 5055
5133 5130 4985
5135 5133 4985
5138 5135 4985
5340 5338 4986
5267 4994 4992
5270 5267 4992
5272 5270 4992
5267 4996 4994
5265 4999 4996
5267 5265 4996
5263 5001 4999
5265 5263 4999
5263 5252 5001
5240 5012 5010
5237 5014 5012
5240 5237 5012
5235 5017 5014
5237 5235 5014
5235 5019 5017
5224 5021 5019
5226 5224 5019
5233 5226 5019
5235 5233 5019
5224 5222 5021
5085 5026 5023
5087 5023 5039
5087 5085 5023
5085 5028 5026
5082 5030 5028
5085 5082 5028
5080 5032 5030
5082 5080 5030
5080 5077 5032
5089 5039 5037
5094 5089 5037
5096 5094 5037
5089 5087 5039
5156 5046 5044
5158 5156 5044
5143 5048 5046
5145 5143 5046
5154 5145 5046
5156 5154 5046
5143 5050 5048
5140 5053 5050
5143 5140 5050
5138 5055 5053
5140 5138 5053
5186 5062 5059
5184 5064 5062
5186 5184 5062
5173 5066 5064
5181 5173 5064
5184 5181 5064
5170 5068 5066
5173 5170 5066
5170 5071 5068
5168 5073 5071
5170 5168 5071
5168 5165 5073
5474 5079 5081
5470 5334 5078
5472 5470 5078
5700 5081 5084
5700 5474 5081
5697 5083 5086
5700 5084 5698
5693 5086 5088
5695 5086 5693
5697 5086 5695
5691 5088 5090
5693 5088 5691
5094 5091 5089
5691 5090 5093
5688 5092 5095
5691 5093 5689
5686 5095 5098
5688 5095 5686
5683 5097 5100
5686 5098 5684
5681 5100 5103
5683 5100 5681
5678 5102 5105
5681 5103 5679
5676 5105 5107
5678 5105 5676
5674 5107 5109
5676 5107 5674
6084 5109 5111
6084 5674 5109
6087 5111 5113
6087 6084 5111
6087 5113 5115
6089 5115 5117
6089 6087 5115
6089 5117 5119
6091 5119 5121
6091 6089 5119
6091 5121 5123
6077 5123 5125
6091 5123 6077
6079 5125 5127
6079 6077 5125
6081 5127 5129
6081 6079 5127
5622 5129 5132
5624 5129 5622
6081 5129 5624
5619 5131 5134
5622 5132 5620
5617 5134 5137
5619 5134 5617
5614 5136 5139
5617 5137 5615
5612 5139 5142
5614 5139 5612
5609 5141 5144
5612 5142 5610
5607 5144 5146
5609 5144 5607
5149 5147 5145
5605 5146 5148
5151 5149 5145
5154 5151 5145
5607 5146 5605
5603 5148 5150
5605 5148 5603
5601 5150 5153
5603 5150 5601
5598 5152 5155
5601 5153 5599
5596 5155 5157
5598 5155 5596
5594 5157 5159
5596 5157 5594
5592 5159 5162
5594 5159 5592
5589 5161 5164
5592 5162 5590
5587 5164 5167
5589 5164 5587
5584 5166 5169
5587 5167 5585
5860 5169 5171
5860 5584 5169
5858 5172 5174
5860 5171 5857
5181 5175 5173
5853 5174 5176
5855 5174 5853
5858 5174 5855
5179 5177 5175
5853 5176 5178
5181 5179 5175
5851 5178 5180
5853 5178 5851
5849 5180 5182
5851 5180 5849
5847 5183 5185
5849 5182 5846
5844 5185 5187
5847 5185 5844
5842 5187 5189
5844 5187 5842
5840 5189 5191
5842 5189 5840
5838 5192 5194
5840 5191 5837
5835 5194 5196
5838 5194 5835
5833 5197 5199
5835 5196 5832
6143 5199 5201
5833 5199 5830
6140 5830 5199
6143 6140 5199
6145 5201 5203
6145 6143 5201
6145 5203 5205
6131 5205 5207
6145 5205 6131
6133 5207 5209
6133 6131 5207
6135 5209 5211
6135 6133 5209
6137 5211 5213
6137 6135 5211
5794 5214 5216
5796 5213 5793
5798 5213 5796
6137 5213 5798
5791 5216 5218
5794 5216 5791
5789 5219 5221
5791 5218 5788
5786 5221 5223
5789 5221 5786
5784 5223 5225
5786 5223 5784
5782 5225 5227
5784 5225 5782
5233 5229 5226
5780 5228 5230
5782 5227 5779
5233 5231 5229
5777 5230 5232
5780 5230 5777
5775 5232 5234
5777 5232 5775
5771 5234 5236
5773 5234 5771
5775 5234 5773
5771 5236 5238
5769 5239 5241
5771 5238 5768
5766 5241 5243
5769 5241 5766
5764 5244 5246
5766 5243 5763
5761 5246 5248
5764 5246 5761
5759 5249 5251
5761 5248 5758
5756 5251 5253
5759 5251 5756
5263 5254 5252
5754 5253 5255
5756 5253 5754
5263 5256 5254
5752 5255 5257
5754 5255 5752
5261 5259 5256
5750 5258 5260
5263 5261 5256
5752 5257 5749
5747 5260 5262
5750 5260 5747
5745 5262 5264
5747 5262 5745
5743 5264 5266
5745 5264 5743
5741 5266 5268
5743 5266 5741
5739 5269 5271
5741 5268 5738
5736 5271 5273
5739 5271 5736
5734 5274 5276
5736 5273 5733
5731 5276 5279
5734 5276 5731
5519 5278 5281
5731 5279 5521
5527 5281 5283
5522 5519 5281
5527 5522 5281
5530 5283 5285
5530 5527 5283
5499 5285 5287
5530 5285 5499
5499 5287 5289
5501 5289 5291
5501 5499 5289
5501 5291 5293
5503 5293 5295
5503 5501 5293
5503 5295 5297
5505 5297 5299
5505 5503 5297
5505 5299 5301
5507 5301 5303
5507 5505 5301
5515 5303 5305
5510 5507 5303
5513 5510 5303
5515 5513 5303
5517 5305 5308
5517 5515 5305
5494 5307 5310
5517 5308 5495
5497 5310 5313
5497 5494 5310
5489 5312 5315
5497 5313 5490
5492 5315 5318
5492 5489 5315
5480 5317 5320
5492 5318 5481
5485 5320 5322
5483 5480 5320
5485 5483 5320
5487 5322 5324
5487 5485 5322
5487 5324 5327
5475 5326 5329
5487 5327 5476
5478 5329 5332
5478 5475 5329
5467 5331 5334
5478 5332 5468
5470 5467 5334
5463 5336 5339
5460 5345 5336
5463 5460 5336
5465 5339 5341
5465 5463 5339
5401 5341 5343
5465 5341 5401
5404 5343 5399
5404 5401 5343
5458 5347 5345
5460 5458 5345
5456 5349 5347
5458 5456 5347
5452 5351 5349
5454 5452 5349
5456 5454 5349
5450 5353 5351
5452 5450 5351
5448 5355 5353
5450 5448 5353
5445 5357 5355
5448 5445 5355
5443 5360 5357
5445 5443 5357
5441 5362 5360
5443 5441 5360
5438 5364 5362
5441 5438 5362
5436 5367 5364
5438 5436 5364
5434 5369 5367
5436 5434 5367
5434 5371 5369
5432 5373 5371
5434 5432 5371
5430 5375 5373
5432 5430 5373
5428 5377 5375
5430 5428 5375
5423 5379 5377
5426 5423 5377
5428 5426 5377
5421 5382 5379
5423 5421 5379
5419 5384 5382
5421 5419 5382
5419 5386 5384
5414 5389 5386
5416 5414 5386
5419 5416 5386
5412 5391 5389
5414 5412 5389
5410 5393 5391
5412 5410 5391
5408 5395 5393
5410 5408 5393
5406 5397 5395
5408 5406 5395
5406 5399 5397
5406 5404 5399
5810 5469 5471
5888 5479 5469
5888 5469 5810
5812 5471 5473
5812 5810 5471
5814 5473 5699
5814 5812 5473
5888 5477 5479
5883 5488 5477
5885 5883 5477
5888 5885 5477
5877 5482 5484
5877 5493 5482
5877 5484 5486
5880 5486 5488
5880 5877 5486
5883 5880 5488
5877 5491 5493
5877 5498 5491
5943 5496 5498
5976 5518 5496
5978 5496 5943
5978 5976 5496
5943 5498 5877
5540 5500 5502
5538 5531 5500
5540 5538 5500
5544 5502 5504
5542 5540 5502
5544 5542 5502
5546 5504 5506
5546 5544 5504
5560 5506 5508
5551 5546 5506
5554 5551 5506
5556 5554 5506
5558 5556 5506
5560 5558 5506
5702 5509 5512
5702 5561 5509
5934 5511 5514
5934 5701 5511
5934 5514 5516
5516 5518 5972
5936 5934 5516
5969 5936 5516
5972 5969 5516
5974 5972 5518
5976 5974 5518
6028 5520 5523
6039 5730 5520
6026 6023 5520
6039 5520 6023
6028 6026 5520
5527 5524 5522
5579 5523 5526
5581 5523 5579
5727 5523 5581
6030 5523 5727
6030 6028 5523
5563 5525 5529
5570 5525 5563
5575 5526 5571
5577 5526 5575
5579 5526 5577
5562 5528 5531
5535 5532 5531
5568 5531 5532
5538 5535 5531
5564 5562 5531
5566 5564 5531
5568 5566 5531
5729 5534 5537
5578 5569 5533
5580 5578 5533
5729 5582 5534
5728 5536 5539
5726 5539 5541
5728 5539 5726
5724 5541 5543
5726 5541 5724
5722 5543 5545
5724 5543 5722
5720 5545 5547
5722 5545 5720
5551 5548 5546
5718 5547 5550
5720 5547 5718
5713 5549 5553
5715 5549 5713
5718 5550 5716
5712 5552 5555
5710 5555 5557
5712 5555 5710
5708 5557 5559
5710 5557 5708
5704 5559 5561
5706 5559 5704
5708 5559 5706
5704 5561 5702
5570 5563 5565
5572 5565 5567
5572 5570 5565
5576 5567 5569
5574 5572 5567
5576 5574 5567
5578 5576 5569
5575 5571 5573
5909 5586 5583
5909 5583 5859
5597 5588 5586
5600 5597 5586
5602 5600 5586
5904 5602 5586
5907 5904 5586
5909 5907 5586
5595 5591 5588
5597 5595 5588
5595 5593 5591
5650 5604 5602
5652 5650 5602
5904 5652 5602
5650 5606 5604
5650 5608 5606
5650 5611 5608
5648 5613 5611
5650 5648 5611
5648 5616 5613
6012 5618 5616
6017 5616 5648
6014 6012 5616
6017 6014 5616
5636 5621 5618
5639 5636 5618
6008 5639 5618
6010 6008 5618
6012 6010 5618
5632 5623 5621
5634 5632 5621
5636 5634 5621
5630 5626 5623
6083 5625 5627
5632 5630 5623
5630 5628 5626
6122 5627 5629
6122 6083 5627
6120 5629 5631
6122 5629 6120
6118 5631 5633
6120 5631 6118
6116 5633 5635
6118 5633 6116
6116 5635 5638
6111 5637 5641
6113 5637 6111
6116 5638 6114
5644 5642 5639
6110 5640 5643
5646 5644 5639
6008 5646 5639
6108 5643 5645
6110 5643 6108
6106 5645 5647
6108 5645 6106
6019 5648 5646
6104 5647 5649
6008 6005 5646
6021 5646 6005
6021 6019 5646
6106 5647 6104
6102 5649 5651
6019 6017 5648
6104 5649 6102
6100 5651 5654
6102 5651 6100
5662 5655 5652
6095 5653 5657
5664 5662 5652
5904 5664 5652
6097 5653 6095
6100 5654 6098
5660 5658 5655
6094 5656 5659
5662 5660 5655
6130 5659 5661
6130 6094 5659
6128 5661 5663
6130 5661 6128
6126 5663 5665
6128 5663 6126
5963 5666 5664
6124 5665 5667
5965 5664 5904
5965 5963 5664
6126 5665 6124
5961 5668 5666
6124 5667 5670
5963 5961 5666
5958 5671 5668
6084 5669 5672
5961 5958 5668
6124 5670 6086
5958 5673 5671
6084 5672 5674
5992 5675 5673
5958 5956 5673
5996 5673 5956
5994 5992 5673
5996 5994 5673
5987 5677 5675
5990 5987 5675
5992 5990 5675
5893 5680 5677
5987 5893 5677
5893 5682 5680
5893 5685 5682
5893 5687 5685
5893 5690 5687
5893 5692 5690
5893 5694 5692
5920 5696 5694
5923 5694 5893
5923 5920 5694
5814 5699 5696
5920 5814 5696
5932 5703 5701
5934 5932 5701
5714 5705 5703
5744 5714 5703
5930 5744 5703
5932 5930 5703
5709 5707 5705
5711 5709 5705
5714 5711 5705
5737 5717 5714
5740 5737 5714
5742 5740 5714
5744 5742 5714
5730 5719 5717
5732 5730 5717
5735 5732 5717
5737 5735 5717
6030 5721 5719
6039 5719 5730
6032 6030 5719
6035 6032 5719
6037 6035 5719
6039 6037 5719
5725 5723 5721
5727 5725 5721
6030 5727 5721
5757 5746 5744
5930 5757 5744
5757 5748 5746
5757 5751 5748
5755 5753 5751
5757 5755 5751
5867 5760 5757
5869 5867 5757
5872 5869 5757
5930 5872 5757
5861 5762 5760
5864 5861 5760
5867 5864 5760
5861 5765 5762
5861 5767 5765
5861 5770 5767
5861 5772 5770
5861 5774 5772
5792 5776 5774
5795 5792 5774
5861 5795 5774
5792 5778 5776
5790 5781 5778
5792 5790 5778
5785 5783 5781
5787 5785 5781
5790 5787 5781
6044 5797 5795
6048 5795 5861
6046 6044 5795
6048 6046 5795
6057 5800 5797
6139 5799 5801
6044 6041 5797
6057 5797 6041
5861 5802 5800
6182 5801 5803
6057 5861 5800
6184 6139 5801
6184 5801 6182
5861 5804 5802
6180 5803 5806
6182 5803 6180
5861 5807 5804
6175 5805 5809
6177 5805 6175
6180 5806 6178
5888 5810 5807
6174 5808 5811
5891 5807 5861
5891 5888 5807
6168 5811 5813
6170 5811 6168
6172 5811 6170
6174 5811 6172
6166 5813 5815
6168 5813 6166
5912 5816 5814
6162 5815 5818
5915 5912 5814
5917 5915 5814
5920 5917 5814
6164 5815 6162
6166 5815 6164
5852 5819 5816
6155 5817 5821
5912 5852 5816
6157 5817 6155
6160 5818 6158
6162 5818 6160
6073 5822 5819
6154 5820 5823
6073 5819 5852
6071 5824 5822
6150 5823 5825
6073 6071 5822
6152 5823 6150
6154 5823 6152
6068 5826 5824
6148 5825 5828
6071 6068 5824
6150 5825 6148
6064 5829 5826
6140 5827 5830
6066 6064 5826
6068 6066 5826
6148 5828 6142
5848 5831 5829
5850 5848 5829
6062 5850 5829
6064 6062 5829
5845 5834 5831
5848 5845 5831
5843 5836 5834
5845 5843 5834
5841 5839 5836
5843 5841 5836
6075 5852 5850
6062 6059 5850
6075 5850 6059
5909 5854 5852
5912 5909 5852
6075 6073 5852
5909 5856 5854
5909 5859 5856
6188 5862 5865
6531 5892 5863
6050 6048 5861
6053 6050 5861
6055 6053 5861
6057 6055 5861
6531 5863 6190
6186 5866 5868
6188 5865 6185
6191 5868 5870
6191 6186 5868
6195 5871 5873
6193 6191 5870
5928 5875 5872
6550 5874 5876
5930 5928 5872
6549 6195 5873
5928 5877 5875
6547 5876 5878
6550 5876 6547
6545 5879 5881
5928 5925 5877
5945 5877 5925
5945 5943 5877
6547 5878 6544
6542 5882 5884
6545 5881 6541
6539 5884 5886
6542 5884 6539
6537 5887 5889
6539 5886 6536
6534 5890 5892
6537 5889 6533
6534 5892 6531
5947 5896 5893
6560 5894 5898
6563 5924 5895
5950 5947 5893
5952 5950 5893
6003 5952 5893
6003 5893 5987
6563 5895 6561
5967 5899 5896
6557 5897 5900
5967 5896 5947
6560 5898 6558
5965 5901 5899
6555 5900 5903
5967 5965 5899
6557 5900 6555
5965 5904 5901
6552 5902 5905
6555 5903 6553
6582 5906 5908
6581 6552 5905
6579 5908 5911
6582 5908 6579
6576 5910 5914
6579 5911 6577
6573 5913 5916
6576 5914 6574
6571 5916 5919
6573 5916 6571
6568 5918 5922
6571 5919 6569
6565 5921 5924
6568 5922 6566
6565 5924 6563
7071 5927 5929
7068 5946 5926
7070 7068 5926
7075 5929 5931
7073 7071 5929
7075 7073 5929
7077 5931 5933
7077 7075 5931
7079 5933 5935
7079 7077 5933
7079 5935 5938
5985 5939 5936
7059 5937 5940
5985 5936 5969
7079 5938 7060
5981 5941 5939
7064 5940 5942
5983 5981 5939
5985 5983 5939
7062 7059 5940
7064 7062 5940
5978 5943 5941
7066 5942 5944
5981 5978 5941
7066 7064 5942
7068 5944 5946
7068 7066 5944
7093 5949 5951
7090 5968 5948
7092 7090 5948
7097 5951 5953
7095 7093 5951
7097 7095 5951
6003 5954 5952
7099 5953 5955
7099 7097 5953
6001 5956 5954
7101 5955 5957
6003 6001 5954
7101 7099 5955
7101 5957 5960
5999 5996 5956
6001 5999 5956
7081 5959 5962
7101 5960 7082
7086 5962 5964
7084 7081 5962
7086 7084 5962
7088 5964 5966
7088 7086 5964
7090 5966 5968
7090 7088 5966
6846 5970 5973
6849 5986 5971
6849 5971 6847
6860 5973 5975
6862 6846 5973
6862 5973 6860
6858 5975 5977
6860 5975 6858
6858 5977 5979
6856 5980 5982
6858 5979 6855
6851 5982 5984
6853 5982 6851
6856 5982 6853
6849 5984 5986
6851 5984 6849
6962 5988 5991
6965 6004 5989
6965 5989 6963
6976 5991 5993
6978 6962 5991
6978 5991 6976
6974 5993 5995
6976 5993 6974
6974 5995 5997
6972 5998 6000
6974 5997 6971
6967 6000 6002
6969 6000 6967
6972 6000 6969
6965 6002 6004
6967 6002 6965
6906 6006 6009
6909 6022 6007
6909 6007 6907
6920 6009 6011
6922 6906 6009
6922 6009 6920
6918 6011 6013
6920 6011 6918
6918 6013 6015
6916 6016 6018
6918 6015 6915
6911 6018 6020
6913 6018 6911
6916 6018 6913
6909 6020 6022
6911 6020 6909
6790 6024 6027
6793 6040 6025
6793 6025 6791
6804 6027 6029
6806 6790 6027
6806 6027 6804
6802 6029 6031
6804 6029 6802
6802 6031 6033
6800 6034 6036
6802 6033 6799
6795 6036 6038
6797 6036 6795
6800 6036 6797
6793 6038 6040
6795 6038 6793
6730 6042 6045
6733 6058 6043
6733 6043 6731
6744 6045 6047
6746 6730 6045
6746 6045 6744
6742 6047 6049
6744 6047 6742
6742 6049 6051
6740 6052 6054
6742 6051 6739
6735 6054 6056
6737 6054 6735
6740 6054 6737
6733 6056 6058
6735 6056 6733
6674 6060 6063
6677 6076 6061
6677 6061 6675
6688 6063 6065
6690 6674 6063
6690 6063 6688
6686 6065 6067
6688 6065 6686
6686 6067 6069
6684 6070 6072
6686 6069 6683
6679 6072 6074
6681 6072 6679
6684 6072 6681
6677 6074 6076
6679 6074 6677
6105 6078 6080
6103 6092 6078
6105 6103 6078
6121 6080 6082
6107 6105 6080
6112 6107 6080
6115 6112 6080
6117 6115 6080
6119 6117 6080
6121 6119 6080
6123 6085 6088
6099 6088 6090
6096 6093 6088
6129 6088 6093
6099 6096 6088
6125 6123 6088
6127 6125 6088
6129 6127 6088
6101 6090 6092
6101 6099 6090
6103 6101 6092
6112 6109 6107
6165 6132 6134
6163 6146 6132
6165 6163 6132
6169 6134 6136
6167 6165 6134
6169 6167 6134
6183 6136 6138
6171 6169 6136
6176 6171 6136
6179 6176 6136
6181 6179 6136
6183 6181 6136
6147 6141 6144
6159 6144 6146
6149 6147 6144
6151 6149 6144
6153 6151 6144
6156 6153 6144
6159 6156 6144
6161 6159 6146
6163 6161 6146
6176 6173 6171
6247 6189 6187
6259 6187 6192
6249 6247 6187
6251 6249 6187
6254 6251 6187
6256 6254 6187
6259 6256 6187
6203 6201 6189
6530 6189 6201
6213 6203 6189
6247 6213 6189
6259 6192 6194
6275 6259 6194
6625 6275 6194
6627 6194 6548
6627 6625 6194
6567 6199 6196
6644 6198 6200
6572 6196 6528
6640 6529 6197
6570 6567 6196
6572 6570 6196
6642 6640 6197
6363 6201 6199
6365 6363 6199
6567 6365 6199
6532 6530 6201
6535 6532 6201
6213 6206 6203
6698 6205 6207
6210 6208 6206
6724 6207 6209
6213 6210 6206
6726 6698 6207
6726 6207 6724
6724 6209 6212
6721 6211 6214
6724 6212 6722
6247 6215 6213
6719 6214 6216
6721 6214 6719
6245 6217 6215
6717 6216 6219
6247 6245 6215
6719 6216 6717
6245 6220 6217
6714 6218 6221
6717 6219 6715
6245 6222 6220
6710 6221 6223
6712 6221 6710
6714 6221 6712
6240 6224 6222
6708 6223 6225
6243 6240 6222
6245 6243 6222
6710 6223 6708
6238 6226 6224
6708 6225 6228
6240 6238 6224
6238 6229 6226
6705 6227 6230
6708 6228 6706
6238 6231 6229
6705 6230 6232
6236 6234 6231
6238 6236 6231
6270 6261 6259
6273 6270 6259
6275 6273 6259
6268 6264 6261
6270 6268 6261
6268 6266 6264
6622 6277 6275
6625 6622 6275
6622 6279 6277
6319 6281 6279
6622 6319 6279
6319 6284 6281
6317 6286 6284
6319 6317 6284
6317 6289 6286
6300 6291 6289
6303 6300 6289
6317 6303 6289
6298 6294 6291
6754 6293 6295
6300 6298 6291
6298 6296 6294
6775 6295 6297
6777 6754 6295
6777 6295 6775
6773 6297 6299
6775 6297 6773
6773 6299 6302
6770 6301 6304
6773 6302 6771
6317 6305 6303
6768 6304 6306
6770 6304 6768
6314 6307 6305
6766 6306 6309
6317 6314 6305
6768 6306 6766
6314 6310 6307
6763 6308 6311
6766 6309 6764
6314 6312 6310
6759 6311 6313
6761 6311 6759
6763 6311 6761
6759 6313 6316
6756 6315 6318
6759 6316 6757
6618 6321 6319
6620 6618 6319
6622 6620 6319
6616 6324 6321
6814 6323 6325
6618 6616 6321
6616 6326 6324
6840 6325 6327
6842 6814 6325
6842 6325 6840
6616 6328 6326
6840 6327 6330
6614 6331 6328
6837 6329 6332
6616 6614 6328
6840 6330 6838
6614 6333 6331
6835 6332 6334
6837 6332 6835
6614 6335 6333
6833 6334 6337
6835 6334 6833
6612 6338 6335
6830 6336 6339
6614 6612 6335
6833 6337 6831
6612 6340 6338
6826 6339 6341
6828 6339 6826
6830 6339 6828
6612 6342 6340
6824 6341 6343
6826 6341 6824
6609 6344 6342
6824 6343 6346
6612 6609 6342
6540 6347 6344
6821 6345 6348
6609 6540 6344
6824 6346 6822
6540 6349 6347
6540 6352 6349
6540 6354 6352
6540 6357 6354
6540 6359 6357
6540 6361 6359
6538 6535 6361
6540 6538 6361
6567 6368 6365
6567 6370 6368
6987 6369 6372
6987 6984 6369
6562 6373 6370
6564 6562 6370
6567 6564 6370
6989 6372 6979
6989 6987 6372
6559 6375 6373
6562 6559 6373
6556 6377 6375
6559 6556 6375
6556 6379 6377
6599 6382 6379
6599 6379 6556
6596 6384 6382
6599 6596 6382
6596 6387 6384
6596 6389 6387
6596 6392 6389
6945 6390 6393
6594 6394 6392
6950 6393 6395
6596 6594 6392
6948 6945 6393
6950 6948 6393
6592 6396 6394
6952 6395 6397
6594 6592 6394
6952 6950 6395
6592 6398 6396
6952 6397 6400
6592 6401 6398
6938 6399 6402
6952 6400 6939
6590 6403 6401
6941 6402 6404
6592 6590 6401
6941 6938 6402
6590 6405 6403
6943 6404 6407
6943 6941 6404
6590 6408 6405
6931 6406 6409
6943 6407 6932
6588 6410 6408
6936 6409 6411
6590 6588 6408
6934 6931 6409
6936 6934 6409
6588 6412 6410
6936 6411 6414
6583 6415 6412
6923 6413 6416
6586 6583 6412
6588 6586 6412
6936 6414 6924
6431 6417 6415
6445 6431 6415
6447 6445 6415
6450 6447 6415
6452 6450 6415
6583 6452 6415
6422 6419 6417
6424 6422 6417
6426 6424 6417
6429 6426 6417
6431 6429 6417
6892 6420 6423
6888 6423 6425
6890 6423 6888
6892 6423 6890
6888 6425 6428
6885 6427 6430
6888 6428 6886
6883 6430 6432
6885 6430 6883
6442 6433 6431
6881 6432 6435
6445 6442 6431
6883 6432 6881
6442 6436 6433
6878 6434 6437
6881 6435 6879
6440 6438 6436
6874 6437 6439
6442 6440 6436
6876 6437 6874
6878 6437 6876
6872 6439 6441
6874 6439 6872
6872 6441 6444
6863 6443 6446
6872 6444 6865
6583 6455 6452
6583 6457 6455
6607 6459 6457
6607 6457 6583
6472 6461 6459
6605 6472 6459
6607 6605 6459
6472 6463 6461
6472 6466 6463
6470 6468 6466
6472 6470 6466
6578 6475 6472
6580 6472 6551
6605 6551 6472
6580 6578 6472
6572 6477 6475
6575 6572 6475
6578 6575 6475
6572 6480 6477
6572 6482 6480
6572 6485 6482
6572 6487 6485
6572 6489 6487
6512 6491 6489
6514 6512 6489
6572 6514 6489
6510 6493 6491
6512 6510 6491
6505 6496 6493
6507 6505 6493
6510 6507 6493
6500 6498 6496
6502 6500 6496
6505 6502 6496
6652 6508 6511
6657 6511 6513
6655 6652 6511
6657 6655 6511
6659 6513 6515
6659 6657 6513
6572 6516 6514
6659 6515 6518
6572 6519 6516
6645 6517 6520
6659 6518 6646
6572 6521 6519
6648 6520 6522
6648 6645 6520
6572 6523 6521
6650 6522 6525
6650 6648 6522
6528 6526 6523
6635 6524 6527
6572 6528 6523
6650 6525 6636
6640 6527 6529
6638 6635 6527
6640 6638 6527
6629 6543 6540
6633 6540 6609
6631 6629 6540
6633 6631 6540
6627 6546 6543
6629 6627 6543
6627 6548 6546
6603 6554 6551
6605 6603 6551
6603 6556 6554
6601 6599 6556
6603 6601 6556
7021 6585 6587
7018 6608 6584
7020 7018 6584
7025 6587 6589
7023 7021 6587
7025 7023 6587
7027 6589 6591
7027 7025 6589
7029 6591 6593
7029 7027 6591
7031 6593 6595
7031 7029 6593
7031 6595 6598
7007 6597 6600
7031 6598 7008
7012 6600 6602
7010 7007 6600
7012 7010 6600
7014 6602 6604
7014 7012 6602
7016 6604 6606
7016 7014 6604
7018 6606 6608
7018 7016 6606
7047 6611 6613
7044 6634 6610
7046 7044 6610
7051 6613 6615
7049 7047 6613
7051 7049 6613
7053 6615 6617
7053 7051 6615
7055 6617 6619
7055 7053 6617
7057 6619 6621
7057 7055 6619
7057 6621 6624
7033 6623 6626
7057 6624 7034
7038 6626 6628
7036 7033 6626
7038 7036 6626
7040 6628 6630
7040 7038 6628
7042 6630 6632
7042 7040 6630
7044 6632 6634
7044 7042 6632
6682 6637 6639
6678 6651 6637
6680 6678 6637
6682 6680 6637
6668 6639 6641
6668 6666 6639
6685 6639 6666
6685 6682 6639
6671 6641 6643
6671 6668 6641
6660 6647 6649
6665 6649 6651
6665 6660 6649
6676 6665 6651
6678 6676 6651
6665 6654 6656
6665 6656 6658
6665 6658 6660
6687 6662 6665
6685 6666 6662
6687 6685 6662
6676 6673 6665
6689 6665 6673
6689 6687 6665
6723 6693 6695
6723 6703 6693
6725 6695 6697
6725 6723 6695
6745 6700 6703
6738 6727 6700
6741 6738 6700
6743 6741 6700
6745 6743 6700
6723 6720 6703
6729 6703 6720
6745 6703 6729
6727 6707 6704
6727 6709 6707
6727 6711 6709
6716 6713 6711
6727 6716 6711
6736 6718 6716
6736 6716 6727
6732 6720 6718
6734 6732 6718
6736 6734 6718
6732 6729 6720
6738 6736 6727
6772 6748 6751
6772 6769 6748
6805 6748 6769
6805 6778 6748
6776 6751 6753
6774 6772 6751
6776 6774 6751
6787 6758 6755
6787 6760 6758
6784 6762 6760
6787 6784 6760
6798 6765 6762
6798 6762 6784
6794 6767 6765
6796 6794 6765
6798 6796 6765
6789 6769 6767
6792 6789 6767
6794 6792 6767
6805 6769 6789
6803 6780 6778
6805 6803 6778
6801 6782 6780
6803 6801 6780
6798 6784 6782
6801 6798 6782
6839 6809 6811
6861 6819 6809
6839 6836 6809
6845 6809 6836
6861 6809 6845
6841 6811 6813
6841 6839 6811
6859 6816 6819
6829 6827 6816
6843 6816 6827
6854 6829 6816
6857 6854 6816
6859 6857 6816
6861 6859 6819
6843 6823 6820
6843 6825 6823
6843 6827 6825
6854 6832 6829
6850 6834 6832
6852 6850 6832
6854 6852 6832
6845 6836 6834
6848 6845 6834
6850 6848 6834
6871 6864 6867
6873 6867 6869
6873 6871 6867
6875 6873 6869
6877 6875 6869
6903 6877 6869
6912 6880 6877
6917 6877 6903
6914 6912 6877
6917 6914 6877
6908 6882 6880
6910 6908 6880
6912 6910 6880
6894 6884 6882
6908 6894 6882
6894 6887 6884
6894 6889 6887
6894 6891 6889
6905 6896 6894
6908 6905 6894
6921 6899 6896
6921 6896 6905
6921 6901 6899
6919 6903 6901
6921 6919 6901
6919 6917 6903
6937 6925 6927
6935 6927 6929
6937 6927 6935
6935 6929 6933
6959 6933 6929
6968 6944 6933
6970 6933 6959
6970 6968 6933
6958 6940 6942
6958 6953 6940
6964 6942 6944
6961 6958 6942
6964 6961 6942
6966 6964 6944
6968 6966 6944
6958 6947 6949
6958 6949 6951
6958 6951 6953
6977 6955 6958
6975 6959 6955
6977 6975 6955
6977 6958 6961
6973 6970 6959
6975 6973 6959
7001 6990 6980
6995 6992 6980
7005 6980 6992
6997 6995 6980
6999 6997 6980
7003 7001 6980
7005 7003 6980
7032 7009 7011
7032 7011 7013
7030 7013 7015
7032 7013 7030
7028 7015 7017
7030 7015 7028
7026 7017 7019
7028 7017 7026
7024 7019 7022
7026 7019 7024
7058 7035 7037
7058 7037 7039
7056 7039 7041
7058 7039 7056
7054 7041 7043
7056 7041 7054
7052 7043 7045
7054 7043 7052
7050 7045 7048
7052 7045 7050
7080 7061 7063
7080 7063 7065
7078 7065 7067
7080 7065 7078
7076 7067 7069
7078 7067 7076
7074 7069 7072
7076 7069 7074
7102 7083 7085
7102 7085 7087
7100 7087 7089
7102 7087 7100
7098 7089 7091
7100 7089 7098
7096 7091 7094
7098 7091 7096