-12.000000 35.000000 9.500000 0.000000 -1.000000 0.000000
-12.000000 35.000000 9.500000 0.707107 0.000000 -0.707107
-12.000000 35.000000 9.500000 0.000000 0.000000 -1.000000
-12.700000 35.000000 9.500000 0.000000 -1.000000 0.000000
-12.700000 35.000000 9.500000 -1.000000 0.000000 0.000000
-12.700000 35.000000 9.500000 0.000000 0.000000 -1.000000
-12.700000 35.000000 10.200000 0.000000 -1.000000 0.000000
-12.700000 35.000000 10.200000 0.000000 0.000000 1.000000
-12.700000 35.000000 10.200000 -1.000000 0.000000 0.000000
-12.200000 35.000000 10.200000 0.000000 -1.000000 0.000000
-12.200000 35.000000 10.200000 -1.000000 0.000000 0.000000
-12.200000 35.000000 10.200000 0.000000 0.000000 1.000000
-12.200000 35.000000 11.600000 0.000000 -1.000000 0.000000
-12.200000 35.000000 11.600000 -1.000000 0.000000 0.000000
-12.200000 35.000000 11.600000 0.000000 -1.000000 0.000000
-10.900000 35.000000 11.600000 0.000000 -1.000000 0.000000
-10.900000 35.000000 11.600000 0.000000 0.000000 1.000000
-10.900000 35.000000 11.600000 1.000000 0.000000 0.000000
-10.900000 35.000000 11.600000 0.000000 -1.000000 0.000000
-8.900000 35.000000 11.600000 0.000000 -1.000000 0.000000
-8.900000 35.000000 11.600000 0.000000 -1.000000 0.000000
-8.900000 35.000000 11.600000 -1.000000 0.000000 0.000000
-8.900000 35.000000 11.600000 0.000000 0.000000 1.000000
-7.600000 35.000000 11.600000 0.000000 -1.000000 0.000000
-7.600000 35.000000 11.600000 0.000000 0.000000 1.000000
-7.600000 35.000000 11.600000 1.000000 0.000000 0.000000
-7.600000 35.000000 11.600000 0.000000 -1.000000 0.000000
-5.600000 35.000000 11.600000 0.000000 -1.000000 0.000000
-5.600000 35.000000 11.600000 0.000000 -1.000000 0.000000
-5.600000 35.000000 11.600000 -1.000000 0.000000 0.000000
-5.600000 35.000000 11.600000 0.000000 0.000000 1.000000
-4.300000 35.000000 11.600000 0.000000 -1.000000 0.000000
-4.300000 35.000000 11.600000 0.000000 0.000000 1.000000
-4.300000 35.000000 11.600000 1.000000 0.000000 0.000000
-4.300000 35.000000 11.600000 0.000000 -1.000000 0.000000
-2.300000 35.000000 11.600000 0.000000 -1.000000 0.000000
-2.300000 35.000000 11.600000 0.000000 -1.000000 0.000000
-2.300000 35.000000 11.600000 -1.000000 0.000000 0.000000
-2.300000 35.000000 11.600000 0.000000 0.000000 1.000000
-1.000000 35.000000 11.600000 0.000000 -1.000000 0.000000
-1.000000 35.000000 11.600000 0.000000 0.000000 1.000000
-1.000000 35.000000 11.600000 1.000000 0.000000 0.000000
-1.000000 35.000000 11.600000 0.000000 -1.000000 0.000000
1.000000 35.000000 11.600000 0.000000 -1.000000 0.000000
1.000000 35.000000 11.600000 -1.000000 0.000000 0.000000
1.000000 35.000000 11.600000 0.000000 -1.000000 0.000000
1.000000 35.000000 11.600000 0.000000 0.000000 1.000000
2.300000 35.000000 11.600000 0.000000 -1.000000 0.000000
2.300000 35.000000 11.600000 0.000000 0.000000 1.000000
2.300000 35.000000 11.600000 1.000000 0.000000 0.000000
2.300000 35.000000 11.600000 0.000000 -1.000000 0.000000
4.300000 35.000000 11.600000 0.000000 -1.000000 0.000000
4.300000 35.000000 11.600000 -1.000000 0.000000 0.000000
4.300000 35.000000 11.600000 0.000000 -1.000000 0.000000
4.300000 35.000000 11.600000 0.000000 0.000000 1.000000
5.600000 35.000000 11.600000 0.000000 -1.000000 0.000000
5.600000 35.000000 11.600000 0.000000 0.000000 1.000000
5.600000 35.000000 11.600000 1.000000 0.000000 0.000000
5.600000 35.000000 11.600000 0.000000 -1.000000 0.000000
7.600000 35.000000 11.600000 0.000000 -1.000000 0.000000
7.600000 35.000000 11.600000 -1.000000 0.000000 0.000000
7.600000 35.000000 11.600000 0.000000 -1.000000 0.000000
7.600000 35.000000 11.600000 0.000000 0.000000 1.000000
8.900000 35.000000 11.600000 0.000000 -1.000000 0.000000
8.900000 35.000000 11.600000 0.000000 0.000000 1.000000
8.900000 35.000000 11.600000 1.000000 0.000000 0.000000
8.900000 35.000000 11.600000 0.000000 -1.000000 0.000000
10.900000 35.000000 11.600000 0.000000 -1.000000 0.000000
10.900000 35.000000 11.600000 0.000000 -1.000000 0.000000
10.900000 35.000000 11.600000 -1.000000 0.000000 0.000000
10.900000 35.000000 11.600000 0.000000 0.000000 1.000000
12.200000 35.000000 11.600000 0.000000 -1.000000 0.000000
12.200000 35.000000 11.600000 1.000000 0.000000 0.000000
12.200000 35.000000 11.600000 0.000000 -1.000000 0.000000
12.200000 35.000000 10.200000 0.000000 -1.000000 0.000000
12.200000 35.000000 10.200000 0.000000 0.000000 1.000000
12.200000 35.000000 10.200000 1.000000 0.000000 0.000000
12.700000 35.000000 10.200000 0.000000 -1.000000 0.000000
12.700000 35.000000 10.200000 1.000000 0.000000 0.000000
12.700000 35.000000 10.200000 0.000000 0.000000 1.000000
12.700000 35.000000 9.500000 0.000000 -1.000000 0.000000
12.700000 35.000000 9.500000 0.000000 0.000000 -1.000000
12.700000 35.000000 9.500000 1.000000 0.000000 0.000000
12.000000 35.000000 9.500000 0.000000 -1.000000 0.000000
12.000000 35.000000 9.500000 -0.707107 0.000000 -0.707107
12.000000 35.000000 9.500000 0.000000 0.000000 -1.000000
11.500000 35.000000 10.000000 0.000000 -1.000000 0.000000
11.500000 35.000000 10.000000 0.000000 0.000000 -1.000000
11.500000 35.000000 10.000000 -0.707107 0.000000 -0.707107
-11.500000 35.000000 10.000000 0.000000 -1.000000 0.000000
-11.500000 35.000000 10.000000 0.707107 0.000000 -0.707107
-11.500000 35.000000 10.000000 0.000000 0.000000 -1.000000
-11.500000 86.500000 10.000000 0.707107 0.000000 -0.707107
-11.500000 86.500000 10.000000 0.000000 0.000000 -1.000000
-11.500000 86.500000 10.000000 0.000000 1.000000 0.000000
-12.000000 86.500000 9.500000 0.707107 0.000000 -0.707107
-12.000000 86.500000 9.500000 0.000000 1.000000 0.000000
-12.000000 86.500000 9.500000 0.000000 0.000000 -1.000000
11.500000 86.500000 10.000000 0.000000 0.000000 -1.000000
11.500000 86.500000 10.000000 -0.707107 0.000000 -0.707107
11.500000 86.500000 10.000000 0.000000 1.000000 0.000000
12.000000 86.500000 9.500000 -0.707107 0.000000 -0.707107
12.000000 86.500000 9.500000 0.000000 1.000000 0.000000
12.000000 86.500000 9.500000 0.000000 0.000000 -1.000000
12.700000 86.500000 9.500000 0.000000 1.000000 0.000000
12.700000 86.500000 9.500000 0.000000 0.000000 -1.000000
12.700000 86.500000 9.500000 1.000000 0.000000 0.000000
12.700000 86.500000 10.200000 0.000000 1.000000 0.000000
12.700000 86.500000 10.200000 1.000000 0.000000 0.000000
12.700000 86.500000 10.200000 0.000000 0.000000 1.000000
12.200000 86.500000 10.200000 0.000000 1.000000 0.000000
12.200000 86.500000 10.200000 0.000000 0.000000 1.000000
12.200000 86.500000 10.200000 1.000000 0.000000 0.000000
12.200000 86.500000 11.600000 0.000000 1.000000 0.000000
12.200000 86.500000 11.600000 1.000000 0.000000 0.000000
12.200000 86.500000 11.600000 0.000000 1.000000 0.000000
10.900000 86.500000 11.600000 0.000000 1.000000 0.000000
10.900000 86.500000 11.600000 -1.000000 0.000000 0.000000
10.900000 86.500000 11.600000 0.000000 1.000000 0.000000
10.900000 86.500000 11.600000 0.000000 0.000000 1.000000
8.900000 86.500000 11.600000 0.000000 1.000000 0.000000
8.900000 86.500000 11.600000 0.000000 0.000000 1.000000
8.900000 86.500000 11.600000 1.000000 0.000000 0.000000
8.900000 86.500000 11.600000 0.000000 1.000000 0.000000
7.600000 86.500000 11.600000 0.000000 1.000000 0.000000
7.600000 86.500000 11.600000 -1.000000 0.000000 0.000000
7.600000 86.500000 11.600000 0.000000 0.000000 1.000000
7.600000 86.500000 11.600000 0.000000 1.000000 0.000000
5.600000 86.500000 11.600000 0.000000 1.000000 0.000000
5.600000 86.500000 11.600000 0.000000 0.000000 1.000000
5.600000 86.500000 11.600000 1.000000 0.000000 0.000000
5.600000 86.500000 11.600000 0.000000 1.000000 0.000000
4.300000 86.500000 11.600000 0.000000 1.000000 0.000000
4.300000 86.500000 11.600000 -1.000000 0.000000 0.000000
4.300000 86.500000 11.600000 0.000000 0.000000 1.000000
4.300000 86.500000 11.600000 0.000000 1.000000 0.000000
2.300000 86.500000 11.600000 0.000000 1.000000 0.000000
2.300000 86.500000 11.600000 0.000000 0.000000 1.000000
2.300000 86.500000 11.600000 1.000000 0.000000 0.000000
2.300000 86.500000 11.600000 0.000000 1.000000 0.000000
1.000000 86.500000 11.600000 0.000000 1.000000 0.000000
1.000000 86.500000 11.600000 -1.000000 0.000000 0.000000
1.000000 86.500000 11.600000 0.000000 0.000000 1.000000
1.000000 86.500000 11.600000 0.000000 1.000000 0.000000
-1.000000 86.500000 11.600000 0.000000 1.000000 0.000000
-1.000000 86.500000 11.600000 0.000000 0.000000 1.000000
-1.000000 86.500000 11.600000 1.000000 0.000000 0.000000
-1.000000 86.500000 11.600000 0.000000 1.000000 0.000000
-2.300000 86.500000 11.600000 0.000000 1.000000 0.000000
-2.300000 86.500000 11.600000 -1.000000 0.000000 0.000000
-2.300000 86.500000 11.600000 0.000000 0.000000 1.000000
-2.300000 86.500000 11.600000 0.000000 1.000000 0.000000
-4.300000 86.500000 11.600000 0.000000 1.000000 0.000000
-4.300000 86.500000 11.600000 0.000000 0.000000 1.000000
-4.300000 86.500000 11.600000 1.000000 0.000000 0.000000
-4.300000 86.500000 11.600000 0.000000 1.000000 0.000000
-5.600000 86.500000 11.600000 0.000000 1.000000 0.000000
-5.600000 86.500000 11.600000 -1.000000 0.000000 0.000000
-5.600000 86.500000 11.600000 0.000000 0.000000 1.000000
-5.600000 86.500000 11.600000 0.000000 1.000000 0.000000
-7.600000 86.500000 11.600000 0.000000 1.000000 0.000000
-7.600000 86.500000 11.600000 0.000000 0.000000 1.000000
-7.600000 86.500000 11.600000 1.000000 0.000000 0.000000
-7.600000 86.500000 11.600000 0.000000 1.000000 0.000000
-8.900000 86.500000 11.600000 0.000000 1.000000 0.000000
-8.900000 86.500000 11.600000 -1.000000 0.000000 0.000000
-8.900000 86.500000 11.600000 0.000000 0.000000 1.000000
-8.900000 86.500000 11.600000 0.000000 1.000000 0.000000
-10.900000 86.500000 11.600000 0.000000 1.000000 0.000000
-10.900000 86.500000 11.600000 0.000000 0.000000 1.000000
-10.900000 86.500000 11.600000 1.000000 0.000000 0.000000
-10.900000 86.500000 11.600000 0.000000 1.000000 0.000000
-12.200000 86.500000 11.600000 0.000000 1.000000 0.000000
-12.200000 86.500000 11.600000 -1.000000 0.000000 0.000000
-12.200000 86.500000 11.600000 0.000000 1.000000 0.000000
-12.200000 86.500000 10.200000 0.000000 1.000000 0.000000
-12.200000 86.500000 10.200000 -1.000000 0.000000 0.000000
-12.200000 86.500000 10.200000 0.000000 0.000000 1.000000
-12.700000 86.500000 10.200000 0.000000 1.000000 0.000000
-12.700000 86.500000 10.200000 0.000000 0.000000 1.000000
-12.700000 86.500000 10.200000 -1.000000 0.000000 0.000000
-12.700000 86.500000 9.500000 0.000000 1.000000 0.000000
-12.700000 86.500000 9.500000 -1.000000 0.000000 0.000000
-12.700000 86.500000 9.500000 0.000000 0.000000 -1.000000
12.200000 35.439364 12.660674 1.000000 0.000000 0.000000
12.200000 35.439364 12.660674 0.000000 -0.707094 0.707119
12.200000 36.500000 13.100000 1.000000 0.000000 0.000000
12.200000 36.500000 13.100000 0.000000 -0.000000 1.000000
12.200000 36.500000 13.100000 0.000000 0.000000 1.000000
12.200000 85.000000 13.100000 1.000000 0.000000 0.000000
12.200000 85.000000 13.100000 0.000000 0.000000 1.000000
12.200000 85.000000 13.100000 0.000000 0.000000 1.000000
12.200000 86.060674 12.660636 1.000000 0.000000 0.000000
12.200000 86.060674 12.660636 0.000000 0.707119 0.707094
10.900000 35.439326 12.660636 0.000000 -0.707119 0.707094
10.900000 35.439326 12.660636 -1.000000 0.000000 0.000000
10.900000 36.500000 13.100000 0.000000 -0.000000 1.000000
10.900000 36.500000 13.100000 -1.000000 0.000000 0.000000
10.900000 36.500000 13.100000 0.000000 0.000000 1.000000
10.900000 85.000000 13.100000 -1.000000 0.000000 0.000000
10.900000 85.000000 13.100000 0.000000 0.000000 1.000000
10.900000 85.000000 13.100000 0.000000 0.000000 1.000000
10.900000 86.060636 12.660674 -1.000000 0.000000 0.000000
10.900000 86.060636 12.660674 0.000000 0.707094 0.707119
8.900000 85.000000 13.100000 1.000000 0.000000 0.000000
8.900000 85.000000 13.100000 0.000000 0.000000 1.000000
8.900000 85.000000 13.100000 0.000000 0.000000 1.000000
8.900000 86.060674 12.660636 1.000000 0.000000 0.000000
8.900000 86.060674 12.660636 0.000000 0.707119 0.707094
8.900000 35.439364 12.660674 1.000000 0.000000 0.000000
8.900000 35.439364 12.660674 0.000000 -0.707094 0.707119
8.900000 36.500000 13.100000 1.000000 0.000000 0.000000
8.900000 36.500000 13.100000 0.000000 0.000000 1.000000
8.900000 36.500000 13.100000 0.000000 -0.000000 1.000000
7.600000 85.000000 13.100000 0.000000 0.000000 1.000000
7.600000 85.000000 13.100000 -1.000000 0.000000 0.000000
7.600000 85.000000 13.100000 0.000000 0.000000 1.000000
7.600000 36.500000 13.100000 0.000000 0.000000 1.000000
7.600000 36.500000 13.100000 -1.000000 0.000000 0.000000
7.600000 36.500000 13.100000 0.000000 -0.000000 1.000000
7.600000 35.439326 12.660636 -1.000000 0.000000 0.000000
7.600000 35.439326 12.660636 0.000000 -0.707119 0.707094
7.600000 86.060636 12.660674 -1.000000 0.000000 0.000000
7.600000 86.060636 12.660674 0.000000 0.707094 0.707119
5.600000 85.000000 13.100000 1.000000 0.000000 0.000000
5.600000 85.000000 13.100000 0.000000 0.000000 1.000000
5.600000 85.000000 13.100000 0.000000 0.000000 1.000000
5.600000 86.060674 12.660636 1.000000 0.000000 0.000000
5.600000 86.060674 12.660636 0.000000 0.707119 0.707094
5.600000 35.439364 12.660674 1.000000 0.000000 0.000000
5.600000 35.439364 12.660674 0.000000 -0.707094 0.707119
5.600000 36.500000 13.100000 1.000000 0.000000 0.000000
5.600000 36.500000 13.100000 0.000000 0.000000 1.000000
5.600000 36.500000 13.100000 0.000000 -0.000000 1.000000
4.300000 85.000000 13.100000 0.000000 0.000000 1.000000
4.300000 85.000000 13.100000 -1.000000 0.000000 0.000000
4.300000 85.000000 13.100000 0.000000 0.000000 1.000000
4.300000 36.500000 13.100000 0.000000 0.000000 1.000000
4.300000 36.500000 13.100000 -1.000000 0.000000 0.000000
4.300000 36.500000 13.100000 0.000000 -0.000000 1.000000
4.300000 35.439326 12.660636 -1.000000 0.000000 0.000000
4.300000 35.439326 12.660636 0.000000 -0.707119 0.707094
4.300000 86.060636 12.660674 -1.000000 0.000000 0.000000
4.300000 86.060636 12.660674 0.000000 0.707094 0.707119
2.300000 85.000000 13.100000 1.000000 0.000000 0.000000
2.300000 85.000000 13.100000 0.000000 0.000000 1.000000
2.300000 85.000000 13.100000 0.000000 0.000000 1.000000
2.300000 86.060674 12.660636 1.000000 0.000000 0.000000
2.300000 86.060674 12.660636 0.000000 0.707119 0.707094
2.300000 35.439364 12.660674 1.000000 0.000000 0.000000
2.300000 35.439364 12.660674 0.000000 -0.707094 0.707119
2.300000 36.500000 13.100000 1.000000 0.000000 0.000000
2.300000 36.500000 13.100000 0.000000 0.000000 1.000000
2.300000 36.500000 13.100000 0.000000 -0.000000 1.000000
1.000000 85.000000 13.100000 0.000000 0.000000 1.000000
1.000000 85.000000 13.100000 -1.000000 0.000000 0.000000
1.000000 85.000000 13.100000 0.000000 0.000000 1.000000
1.000000 36.500000 13.100000 0.000000 0.000000 1.000000
1.000000 36.500000 13.100000 -1.000000 0.000000 0.000000
1.000000 36.500000 13.100000 0.000000 -0.000000 1.000000
1.000000 35.439326 12.660636 -1.000000 0.000000 0.000000
1.000000 35.439326 12.660636 0.000000 -0.707119 0.707094
1.000000 86.060636 12.660674 -1.000000 0.000000 0.000000
1.000000 86.060636 12.660674 0.000000 0.707094 0.707119
-1.000000 85.000000 13.100000 1.000000 0.000000 0.000000
-1.000000 85.000000 13.100000 0.000000 0.000000 1.000000
-1.000000 85.000000 13.100000 0.000000 0.000000 1.000000
-1.000000 86.060674 12.660636 1.000000 0.000000 0.000000
-1.000000 86.060674 12.660636 0.000000 0.707119 0.707094
-1.000000 35.439364 12.660674 1.000000 0.000000 0.000000
-1.000000 35.439364 12.660674 0.000000 -0.707094 0.707119
-1.000000 36.500000 13.100000 1.000000 0.000000 0.000000
-1.000000 36.500000 13.100000 0.000000 0.000000 1.000000
-1.000000 36.500000 13.100000 0.000000 -0.000000 1.000000
-2.300000 36.500000 13.100000 0.000000 0.000000 1.000000
-2.300000 36.500000 13.100000 0.000000 -0.000000 1.000000
-2.300000 36.500000 13.100000 -1.000000 0.000000 0.000000
-2.300000 85.000000 13.100000 0.000000 0.000000 1.000000
-2.300000 85.000000 13.100000 -1.000000 0.000000 0.000000
-2.300000 85.000000 13.100000 0.000000 0.000000 1.000000
-2.300000 35.439326 12.660636 0.000000 -0.707119 0.707094
-2.300000 35.439326 12.660636 -1.000000 0.000000 0.000000
-2.300000 86.060636 12.660674 -1.000000 0.000000 0.000000
-2.300000 86.060636 12.660674 0.000000 0.707094 0.707119
-4.300000 85.000000 13.100000 1.000000 0.000000 0.000000
-4.300000 85.000000 13.100000 0.000000 0.000000 1.000000
-4.300000 85.000000 13.100000 0.000000 0.000000 1.000000
-4.300000 86.060674 12.660636 1.000000 0.000000 0.000000
-4.300000 86.060674 12.660636 0.000000 0.707119 0.707094
-4.300000 35.439364 12.660674 1.000000 0.000000 0.000000
-4.300000 35.439364 12.660674 0.000000 -0.707094 0.707119
-4.300000 36.500000 13.100000 1.000000 0.000000 0.000000
-4.300000 36.500000 13.100000 0.000000 0.000000 1.000000
-4.300000 36.500000 13.100000 0.000000 -0.000000 1.000000
-5.600000 36.500000 13.100000 0.000000 0.000000 1.000000
-5.600000 36.500000 13.100000 0.000000 -0.000000 1.000000
-5.600000 36.500000 13.100000 -1.000000 0.000000 0.000000
-5.600000 85.000000 13.100000 0.000000 0.000000 1.000000
-5.600000 85.000000 13.100000 -1.000000 0.000000 0.000000
-5.600000 85.000000 13.100000 0.000000 0.000000 1.000000
-5.600000 35.439326 12.660636 0.000000 -0.707119 0.707094
-5.600000 35.439326 12.660636 -1.000000 0.000000 0.000000
-5.600000 86.060636 12.660674 -1.000000 0.000000 0.000000
-5.600000 86.060636 12.660674 0.000000 0.707094 0.707119
-7.600000 85.000000 13.100000 1.000000 0.000000 0.000000
-7.600000 85.000000 13.100000 0.000000 0.000000 1.000000
-7.600000 85.000000 13.100000 0.000000 0.000000 1.000000
-7.600000 86.060674 12.660636 1.000000 0.000000 0.000000
-7.600000 86.060674 12.660636 0.000000 0.707119 0.707094
-7.600000 35.439364 12.660674 1.000000 0.000000 0.000000
-7.600000 35.439364 12.660674 0.000000 -0.707094 0.707119
-7.600000 36.500000 13.100000 1.000000 0.000000 0.000000
-7.600000 36.500000 13.100000 0.000000 0.000000 1.000000
-7.600000 36.500000 13.100000 0.000000 -0.000000 1.000000
-8.900000 36.500000 13.100000 0.000000 0.000000 1.000000
-8.900000 36.500000 13.100000 0.000000 -0.000000 1.000000
-8.900000 36.500000 13.100000 -1.000000 0.000000 0.000000
-8.900000 85.000000 13.100000 0.000000 0.000000 1.000000
-8.900000 85.000000 13.100000 -1.000000 0.000000 0.000000
-8.900000 85.000000 13.100000 0.000000 0.000000 1.000000
-8.900000 35.439326 12.660636 0.000000 -0.707119 0.707094
-8.900000 35.439326 12.660636 -1.000000 0.000000 0.000000
-8.900000 86.060636 12.660674 -1.000000 0.000000 0.000000
-8.900000 86.060636 12.660674 0.000000 0.707094 0.707119
-10.900000 85.000000 13.100000 1.000000 0.000000 0.000000
-10.900000 85.000000 13.100000 0.000000 0.000000 1.000000
-10.900000 85.000000 13.100000 0.000000 0.000000 1.000000
-10.900000 86.060674 12.660636 1.000000 0.000000 0.000000
-10.900000 86.060674 12.660636 0.000000 0.707119 0.707094
-10.900000 35.439364 12.660674 1.000000 0.000000 0.000000
-10.900000 35.439364 12.660674 0.000000 -0.707094 0.707119
-10.900000 36.500000 13.100000 1.000000 0.000000 0.000000
-10.900000 36.500000 13.100000 0.000000 0.000000 1.000000
-10.900000 36.500000 13.100000 0.000000 -0.000000 1.000000
-12.200000 85.000000 13.100000 0.000000 0.000000 1.000000
-12.200000 85.000000 13.100000 -1.000000 0.000000 0.000000
-12.200000 85.000000 13.100000 0.000000 0.000000 1.000000
-12.200000 36.500000 13.100000 0.000000 0.000000 1.000000
-12.200000 36.500000 13.100000 -1.000000 0.000000 0.000000
-12.200000 36.500000 13.100000 0.000000 -0.000000 1.000000
-12.200000 86.060636 12.660674 -1.000000 0.000000 0.000000
-12.200000 86.060636 12.660674 0.000000 0.707094 0.707119
-12.200000 35.439326 12.660636 -1.000000 0.000000 0.000000
-12.200000 35.439326 12.660636 0.000000 -0.707119 0.707094
-10.000000 85.250000 -14.290000 0.000000 -1.000000 0.000000
-10.000000 85.250000 -14.290000 0.000000 0.000000 1.000000
-10.000000 85.250000 -14.290000 0.000000 -1.000000 0.000000
-10.000000 85.250000 -10.190000 0.000000 -1.000000 0.000000
-10.000000 85.250000 -10.190000 0.000000 0.000000 1.000000
-10.000000 85.250000 -10.190000 0.000000 -1.000000 0.000000
10.000000 85.250000 -10.190000 0.000000 -1.000000 0.000000
10.000000 85.250000 -10.190000 0.000000 -1.000000 0.000000
10.000000 85.250000 -10.190000 0.000000 0.000000 1.000000
10.000000 85.250000 -14.290000 0.000000 -1.000000 0.000000
10.000000 85.250000 -14.290000 0.000000 0.000000 1.000000
10.000000 85.250000 -14.290000 0.000000 -1.000000 0.000000
10.707116 84.957091 -14.290000 0.000000 0.000000 1.000000
10.707116 84.957091 -14.290000 -0.707119 -0.707094 0.000000
11.000000 84.250000 -14.290000 0.000000 0.000000 1.000000
11.000000 84.250000 -14.290000 -1.000000 -0.000000 0.000000
11.000000 84.250000 -14.290000 -1.000000 0.000000 0.000000
11.000000 37.250000 -14.290000 0.000000 0.000000 1.000000
11.000000 37.250000 -14.290000 -1.000000 -0.000000 0.000000
11.000000 37.250000 -14.290000 -1.000000 0.000000 0.000000
10.707091 36.542884 -14.290000 0.000000 0.000000 1.000000
10.707091 36.542884 -14.290000 -0.707094 0.707119 0.000000
10.000000 36.250000 -14.290000 0.000000 0.000000 1.000000
10.000000 36.250000 -14.290000 0.000000 1.000000 0.000000
10.000000 36.250000 -14.290000 -0.000000 1.000000 0.000000
-10.000000 36.250000 -14.290000 0.000000 0.000000 1.000000
-10.000000 36.250000 -14.290000 -0.000000 1.000000 0.000000
-10.000000 36.250000 -14.290000 0.000000 1.000000 0.000000
-10.707116 36.542909 -14.290000 0.000000 0.000000 1.000000
-10.707116 36.542909 -14.290000 0.707119 0.707094 0.000000
-11.000000 37.250000 -14.290000 0.000000 0.000000 1.000000
-11.000000 37.250000 -14.290000 1.000000 0.000000 0.000000
-11.000000 37.250000 -14.290000 1.000000 0.000000 0.000000
-11.000000 84.250000 -14.290000 0.000000 0.000000 1.000000
-11.000000 84.250000 -14.290000 1.000000 0.000000 0.000000
-11.000000 84.250000 -14.290000 1.000000 0.000000 0.000000
-10.707091 84.957116 -14.290000 0.000000 0.000000 1.000000
-10.707091 84.957116 -14.290000 0.707094 -0.707119 0.000000
10.707091 84.957116 -10.190000 -0.707094 -0.707119 0.000000
10.707091 84.957116 -10.190000 0.000000 0.000000 1.000000
11.000000 84.250000 -10.190000 -1.000000 -0.000000 0.000000
11.000000 84.250000 -10.190000 0.000000 0.000000 1.000000
11.000000 84.250000 -10.190000 -1.000000 0.000000 0.000000
11.000000 35.250000 -10.190000 0.000000 0.000000 1.000000
11.000000 35.250000 -10.190000 0.000000 -1.000000 0.000000
11.000000 35.250000 -10.190000 0.000000 -1.000000 0.000000
-11.000000 35.250000 -10.190000 0.000000 0.000000 1.000000
-11.000000 35.250000 -10.190000 -0.000000 -1.000000 0.000000
-11.000000 35.250000 -10.190000 0.000000 -1.000000 0.000000
-11.382639 35.326227 -10.190000 0.000000 0.000000 1.000000
-11.382639 35.326227 -10.190000 -0.382683 -0.923880 0.000000
-11.707107 35.542893 -10.190000 0.000000 0.000000 1.000000
-11.707107 35.542893 -10.190000 -0.707107 -0.707107 0.000000
-11.923773 35.867361 -10.190000 0.000000 0.000000 1.000000
-11.923773 35.867361 -10.190000 -0.923880 -0.382683 0.000000
-12.000000 36.250000 -10.190000 0.000000 0.000000 1.000000
-12.000000 36.250000 -10.190000 -1.000000 0.000000 0.000000
-12.000000 36.250000 -10.190000 -1.000000 -0.000000 0.000000
-12.000000 85.250000 -10.190000 0.000000 0.000000 1.000000
-12.000000 85.250000 -10.190000 -1.000000 0.000000 0.000000
-12.000000 85.250000 -10.190000 -1.000000 0.000000 0.000000
-11.923773 85.632639 -10.190000 0.000000 0.000000 1.000000
-11.923773 85.632639 -10.190000 -0.923880 0.382683 0.000000
-11.707107 85.957107 -10.190000 0.000000 0.000000 1.000000
-11.707107 85.957107 -10.190000 -0.707107 0.707107 0.000000
-11.382639 86.173773 -10.190000 0.000000 0.000000 1.000000
-11.382639 86.173773 -10.190000 -0.382683 0.923880 0.000000
-11.000000 86.250000 -10.190000 0.000000 0.000000 1.000000
-11.000000 86.250000 -10.190000 0.000000 1.000000 0.000000
-11.000000 86.250000 -10.190000 -0.000000 1.000000 0.000000
11.000000 86.250000 -10.190000 0.000000 0.000000 1.000000
11.000000 86.250000 -10.190000 0.000000 1.000000 0.000000
11.000000 86.250000 -10.190000 0.000000 1.000000 0.000000
11.382639 86.173773 -10.190000 0.000000 0.000000 1.000000
11.382639 86.173773 -10.190000 0.382683 0.923880 0.000000
11.707107 85.957107 -10.190000 0.000000 0.000000 1.000000
11.707107 85.957107 -10.190000 0.707107 0.707107 0.000000
11.923773 85.632639 -10.190000 0.000000 0.000000 1.000000
11.923773 85.632639 -10.190000 0.923880 0.382683 0.000000
12.000000 85.250000 -10.190000 0.000000 0.000000 1.000000
12.000000 85.250000 -10.190000 1.000000 0.000000 0.000000
12.000000 85.250000 -10.190000 1.000000 0.000000 0.000000
12.000000 36.250000 -10.190000 0.000000 0.000000 1.000000
12.000000 36.250000 -10.190000 1.000000 -0.000000 0.000000
12.000000 36.250000 -10.190000 1.000000 0.000000 0.000000
11.923773 35.867361 -10.190000 0.000000 0.000000 1.000000
11.923773 35.867361 -10.190000 0.923880 -0.382683 0.000000
11.707107 35.542893 -10.190000 0.000000 0.000000 1.000000
11.707107 35.542893 -10.190000 0.707107 -0.707107 0.000000
11.382639 35.326227 -10.190000 0.000000 0.000000 1.000000
11.382639 35.326227 -10.190000 0.382683 -0.923880 0.000000
-10.707116 84.957091 -10.190000 0.000000 0.000000 1.000000
-10.707116 84.957091 -10.190000 0.707119 -0.707094 0.000000
-11.000000 84.250000 -10.190000 0.000000 0.000000 1.000000
-11.000000 84.250000 -10.190000 1.000000 0.000000 0.000000
-11.000000 84.250000 -10.190000 1.000000 0.000000 0.000000
-11.000000 37.250000 -10.190000 0.000000 0.000000 1.000000
-11.000000 37.250000 -10.190000 1.000000 0.000000 0.000000
-11.000000 37.250000 -10.190000 1.000000 0.000000 0.000000
-10.707091 36.542884 -10.190000 0.000000 0.000000 1.000000
-10.707091 36.542884 -10.190000 0.707094 0.707119 0.000000
-10.000000 36.250000 -10.190000 0.000000 0.000000 1.000000
-10.000000 36.250000 -10.190000 -0.000000 1.000000 0.000000
-10.000000 36.250000 -10.190000 0.000000 1.000000 0.000000
10.000000 36.250000 -10.190000 0.000000 0.000000 1.000000
10.000000 36.250000 -10.190000 0.000000 1.000000 0.000000
10.000000 36.250000 -10.190000 -0.000000 1.000000 0.000000
10.707116 36.542909 -10.190000 0.000000 0.000000 1.000000
10.707116 36.542909 -10.190000 -0.707119 0.707094 0.000000
11.000000 37.250000 -10.190000 0.000000 0.000000 1.000000
11.000000 37.250000 -10.190000 -1.000000 -0.000000 0.000000
11.000000 37.250000 -10.190000 -1.000000 0.000000 0.000000
12.000000 36.250000 -14.290000 1.000000 -0.000000 0.000000
12.000000 36.250000 -14.290000 1.000000 0.000000 0.000000
12.000000 36.250000 -14.290000 1.000000 0.000000 -0.000000
12.000000 36.250000 -14.290000 1.000000 0.000000 -0.000000
12.000000 36.250000 -14.290000 1.000000 0.000000 -0.000000
11.923880 35.867317 -14.290000 0.923880 -0.382683 0.000000
11.923880 35.867317 -14.290000 0.923880 -0.382683 -0.000000
11.707107 35.542893 -14.290000 0.707107 -0.707107 0.000000
11.707107 35.542893 -14.290000 0.707107 -0.707107 0.000000
11.707107 35.542893 -14.290000 0.707107 -0.707107 0.000000
11.382683 35.326120 -14.290000 0.382683 -0.923880 0.000000
11.382683 35.326120 -14.290000 0.382683 -0.923880 0.000000
11.000000 35.250000 -14.290000 0.000000 -1.000000 0.000000
11.000000 35.250000 -14.290000 0.000000 -1.000000 0.000000
11.000000 35.250000 -14.290000 0.000000 -1.000000 -0.000000
11.000000 35.250000 -14.290000 0.000000 -1.000000 0.000000
11.000000 35.250000 -14.290000 0.000000 -1.000000 0.000000
12.000000 85.250000 -14.290000 1.000000 0.000000 0.000000
12.000000 85.250000 -14.290000 1.000000 0.000000 0.000000
12.000000 85.250000 -14.290000 1.000000 -0.000000 0.000000
12.000000 85.250000 -14.290000 1.000000 -0.000000 0.000000
12.000000 85.250000 -14.290000 1.000000 0.000000 -0.000000
11.000000 86.250000 -14.290000 0.000000 1.000000 0.000000
11.000000 86.250000 -14.290000 0.000000 1.000000 0.000000
11.000000 86.250000 -14.290000 0.000000 1.000000 -0.000000
11.000000 86.250000 -14.290000 0.000000 1.000000 -0.000000
11.000000 86.250000 -14.290000 0.000000 1.000000 -0.000000
11.382683 86.173880 -14.290000 0.382683 0.923880 0.000000
11.382683 86.173880 -14.290000 0.382683 0.923880 -0.000000
11.707107 85.957107 -14.290000 0.707107 0.707107 0.000000
11.707107 85.957107 -14.290000 0.707107 0.707107 0.000000
11.707107 85.957107 -14.290000 0.707107 0.707107 0.000000
11.923880 85.632683 -14.290000 0.923880 0.382683 0.000000
11.923880 85.632683 -14.290000 0.923880 0.382683 0.000000
-11.000000 86.250000 -14.290000 0.000000 1.000000 0.000000
-11.000000 86.250000 -14.290000 -0.000000 1.000000 0.000000
-11.000000 86.250000 -14.290000 -0.000000 1.000000 0.000000
-11.000000 86.250000 -14.290000 -0.000000 1.000000 0.000000
-11.000000 86.250000 -14.290000 0.000000 1.000000 -0.000000
-12.000000 85.250000 -14.290000 -1.000000 0.000000 0.000000
-12.000000 85.250000 -14.290000 -1.000000 0.000000 0.000000
-12.000000 85.250000 -14.290000 -1.000000 0.000000 -0.000000
-12.000000 85.250000 -14.290000 -1.000000 -0.000000 -0.000000
-12.000000 85.250000 -14.290000 -1.000000 -0.000000 -0.000000
-11.923880 85.632683 -14.290000 -0.923880 0.382683 0.000000
-11.923880 85.632683 -14.290000 -0.923880 0.382683 -0.000000
-11.707107 85.957107 -14.290000 -0.707107 0.707107 0.000000
-11.707107 85.957107 -14.290000 -0.707107 0.707107 0.000000
-11.707107 85.957107 -14.290000 -0.707107 0.707107 0.000000
-11.382683 86.173880 -14.290000 -0.382683 0.923880 0.000000
-11.382683 86.173880 -14.290000 -0.382683 0.923880 0.000000
-12.000000 36.250000 -14.290000 -1.000000 0.000000 0.000000
-12.000000 36.250000 -14.290000 -1.000000 -0.000000 0.000000
-12.000000 36.250000 -14.290000 -1.000000 0.000000 0.000000
-12.000000 36.250000 -14.290000 -1.000000 0.000000 0.000000
-12.000000 36.250000 -14.290000 -1.000000 0.000000 -0.000000
-11.000000 35.250000 -14.290000 -0.000000 -1.000000 0.000000
-11.000000 35.250000 -14.290000 0.000000 -1.000000 0.000000
-11.000000 35.250000 -14.290000 0.000000 -1.000000 -0.000000
-11.000000 35.250000 -14.290000 0.000000 -1.000000 -0.000000
-11.000000 35.250000 -14.290000 0.000000 -1.000000 -0.000000
-11.382683 35.326120 -14.290000 -0.382683 -0.923880 0.000000
-11.382683 35.326120 -14.290000 -0.382683 -0.923880 -0.000000
-11.707107 35.542893 -14.290000 -0.707107 -0.707107 0.000000
-11.707107 35.542893 -14.290000 -0.707107 -0.707107 0.000000
-11.707107 35.542893 -14.290000 -0.707107 -0.707107 0.000000
-11.923880 35.867317 -14.290000 -0.923880 -0.382683 0.000000
-11.923880 35.867317 -14.290000 -0.923880 -0.382683 0.000000
-11.000000 35.542893 -14.997107 0.000000 -0.707107 -0.707107
-11.000000 35.542893 -14.997107 0.000000 -0.707107 -0.707107
-11.000000 35.325992 -14.672373 0.000000 -0.924008 -0.382373
-11.000000 35.325992 -14.672373 0.000273 -0.924189 -0.381934
11.000000 35.325992 -14.672373 0.000000 -0.924008 -0.382373
11.000000 35.325992 -14.672373 -0.000273 -0.924189 -0.381935
11.000000 35.542893 -14.997107 0.000000 -0.707107 -0.707107
11.000000 35.542893 -14.997107 0.000000 -0.707107 -0.707107
11.000000 35.867130 -15.213802 0.000000 -0.382870 -0.923802
11.000000 35.867130 -15.213802 0.000072 -0.382880 -0.923798
11.000000 36.250000 -15.290000 0.000000 0.000000 -1.000000
11.000000 36.250000 -15.290000 0.000000 0.000000 -1.000000
11.000000 36.250000 -15.290000 0.000000 0.000000 -1.000000
11.000000 36.250000 -15.290000 -0.000000 -0.000000 -1.000000
-11.000000 36.250000 -15.290000 0.000000 0.000000 -1.000000
-11.000000 36.250000 -15.290000 -0.000000 0.000000 -1.000000
-11.000000 36.250000 -15.290000 -0.000000 0.000000 -1.000000
-11.000000 36.250000 -15.290000 0.000000 0.000000 -1.000000
-11.000000 35.867130 -15.213802 0.000000 -0.382870 -0.923802
-11.000000 35.867130 -15.213802 -0.000072 -0.382880 -0.923798
-11.146447 35.396447 -14.790000 -0.146447 -0.853553 -0.500000
-11.500000 35.750000 -14.997107 -0.500000 -0.500000 -0.707107
-11.853553 36.103553 -14.790000 -0.853553 -0.146447 -0.500000
-11.924008 36.250000 -14.672373 -0.924189 0.000273 -0.381935
-11.924008 36.250000 -14.672373 -0.924008 0.000000 -0.382373
-11.382870 36.250000 -15.213802 -0.382880 -0.000072 -0.923798
-11.382870 36.250000 -15.213802 -0.382870 0.000000 -0.923802
-11.707107 36.250000 -14.997107 -0.707107 -0.000000 -0.707107
-11.707107 36.250000 -14.997107 -0.707107 0.000000 -0.707107
-11.707107 85.250000 -14.997107 -0.707107 0.000000 -0.707107
-11.707107 85.250000 -14.997107 -0.707107 -0.000000 -0.707107
-11.924008 85.250000 -14.672373 -0.924008 0.000000 -0.382373
-11.924008 85.250000 -14.672373 -0.924189 -0.000273 -0.381934
-11.000000 85.250000 -15.290000 -0.000000 0.000000 -1.000000
-11.000000 85.250000 -15.290000 0.000000 0.000000 -1.000000
-11.000000 85.250000 -15.290000 0.000000 -0.000000 -1.000000
-11.000000 85.250000 -15.290000 0.000000 0.000000 -1.000000
-11.382870 85.250000 -15.213802 -0.382870 0.000000 -0.923802
-11.382870 85.250000 -15.213802 -0.382880 0.000072 -0.923798
-11.853553 85.396447 -14.790000 -0.853553 0.146447 -0.500000
-11.500000 85.750000 -14.997107 -0.500000 0.500000 -0.707107
-11.146447 86.103553 -14.790000 -0.146447 0.853553 -0.500000
-11.000000 85.632870 -15.213802 -0.000072 0.382880 -0.923798
-11.000000 85.632870 -15.213802 0.000000 0.382870 -0.923802
-11.000000 85.957107 -14.997107 -0.000000 0.707107 -0.707107
-11.000000 85.957107 -14.997107 0.000000 0.707107 -0.707107
-11.000000 86.174008 -14.672373 0.000273 0.924189 -0.381935
-11.000000 86.174008 -14.672373 0.000000 0.924008 -0.382373
11.000000 85.957107 -14.997107 0.000000 0.707107 -0.707107
11.000000 85.957107 -14.997107 -0.000000 0.707107 -0.707107
11.000000 86.174008 -14.672373 0.000000 0.924008 -0.382373
11.000000 86.174008 -14.672373 -0.000273 0.924189 -0.381934
11.000000 85.250000 -15.290000 0.000000 -0.000000 -1.000000
11.000000 85.250000 -15.290000 0.000000 -0.000000 -1.000000
11.000000 85.250000 -15.290000 0.000000 0.000000 -1.000000
11.000000 85.250000 -15.290000 0.000000 0.000000 -1.000000
11.000000 85.632870 -15.213802 0.000000 0.382870 -0.923802
11.000000 85.632870 -15.213802 0.000072 0.382880 -0.923798
11.146447 86.103553 -14.790000 0.146447 0.853553 -0.500000
11.500000 85.750000 -14.997107 0.500000 0.500000 -0.707107
11.853553 85.396447 -14.790000 0.853553 0.146447 -0.500000
11.382870 85.250000 -15.213802 0.382880 0.000072 -0.923798
11.382870 85.250000 -15.213802 0.382870 0.000000 -0.923802
11.707107 85.250000 -14.997107 0.707107 0.000000 -0.707107
11.707107 85.250000 -14.997107 0.707107 0.000000 -0.707107
11.924008 85.250000 -14.672373 0.924189 -0.000273 -0.381935
11.924008 85.250000 -14.672373 0.924008 0.000000 -0.382373
11.382870 36.250000 -15.213802 0.382870 0.000000 -0.923802
11.382870 36.250000 -15.213802 0.382880 -0.000072 -0.923798
11.707107 36.250000 -14.997107 0.707107 0.000000 -0.707107
11.707107 36.250000 -14.997107 0.707107 0.000000 -0.707107
11.924008 36.250000 -14.672373 0.924008 0.000000 -0.382373
11.924008 36.250000 -14.672373 0.924189 0.000273 -0.381934
11.853553 36.103553 -14.790000 0.853553 -0.146447 -0.500000
11.500000 35.750000 -14.997107 0.500000 -0.500000 -0.707107
11.146447 35.396447 -14.790000 0.146447 -0.853553 -0.500000