6 3 0
42 2 5
12 6 0
38 13 1
40 38 1
613 4 8
240 42 5
656 240 5
615 558 4
656 5 559
622 4 613
618 615 4
620 618 4
622 620 4
12 9 6
44 7 11
47 7 44
539 7 47
613 8 540
17 10 13
17 14 10
43 10 14
19 17 13
21 19 13
38 21 13
53 15 18
51 43 14
89 52 16
89 16 54
56 18 20
56 53 18
58 20 22
58 56 20
38 23 21
58 22 24
35 25 23
71 24 26
38 35 23
60 58 24
71 60 24
35 27 25
73 26 28
73 71 26
35 30 27
76 29 31
75 73 28
35 32 30
76 31 33
118 34 37
79 76 33
99 79 33
118 100 34
116 36 39
165 39 41
119 39 102
165 102 39
119 116 39
113 111 41
169 41 111
240 115 42
167 165 41
169 167 41
48 45 43
51 48 43
92 46 50
523 46 92
539 47 524
89 49 52
91 49 89
90 55 57
90 57 59
88 59 61
90 59 88
65 62 60
86 61 64
69 65 60
71 69 60
88 61 86
83 63 66
85 63 83
112 68 70
108 84 67
110 108 67
170 70 72
170 112 70
168 72 74
170 72 168
166 74 78
168 74 166
101 77 80
166 78 103
99 81 79
104 80 82
104 101 80
85 83 81
106 82 84
99 85 81
106 104 82
108 106 84
97 87 85
99 97 85
93 89 87
95 93 87
97 95 87
93 91 89
523 92 94
525 94 96
525 523 94
118 96 98
528 96 118
528 525 96
118 98 100
171 102 105
171 119 102
176 105 107
174 171 105
176 174 105
161 107 109
176 107 161
161 109 111
163 111 113
163 161 111
221 113 135
237 136 114
140 137 113
163 113 137
143 140 113
216 143 113
219 216 113
221 219 113
239 237 114
457 117 120
502 118 459
504 118 502
532 118 504
530 528 118
532 530 118
185 121 119
455 120 123
187 119 171
187 185 119
469 120 455
460 457 120
462 460 120
465 462 120
467 465 120
469 467 120
189 124 121
427 122 126
151 149 121
189 121 149
154 151 121
157 154 121
180 157 121
183 180 121
185 183 121
455 123 428
201 127 124
348 125 128
205 124 189
203 201 124
205 203 124
433 126 350
430 427 126
433 430 126
132 129 127
358 128 131
135 132 127
198 135 127
201 198 127
351 348 128
356 351 128
358 356 128
305 130 134
346 131 306
346 343 131
360 131 343
360 358 131
242 133 136
291 134 244
293 134 291
331 134 293
308 305 134
310 308 134
312 310 134
331 312 134
207 135 198
223 135 207
223 221 135
228 225 136
245 136 225
230 228 136
232 230 136
237 232 136
245 242 136
1444 138 141
1447 164 139
1447 139 1445
1470 142 144
1469 1444 141
214 145 143
1467 144 146
216 214 143
1470 144 1467
212 147 145
1465 146 148
214 212 145
1467 146 1465
189 149 147
1463 148 150
192 189 147
194 192 147
212 194 147
1465 148 1463
1461 150 153
1463 150 1461
1458 152 156
1461 153 1459
1455 155 158
1458 156 1456
178 159 157
1453 158 160
180 178 157
1455 158 1453
176 161 159
1451 160 162
178 176 159
1453 160 1451
1449 162 164
1451 162 1449
1449 164 1447
500 173 175
512 188 172
512 172 499
496 175 177
500 175 496
494 177 179
496 177 494
492 179 182
494 179 492
489 181 184
492 182 490
516 184 186
516 489 184
514 186 188
516 186 514
514 188 512
375 191 193
402 206 190
402 190 374
371 193 195
375 193 371
212 196 194
369 195 197
371 195 369
207 198 196
367 197 200
210 207 196
212 210 196
369 197 367
364 199 202
367 200 365
406 202 204
406 364 202
404 204 206
406 204 404
404 206 402
266 208 211
269 224 209
269 209 267
289 211 213
289 266 211
287 213 215
289 213 287
285 215 217
287 215 285
277 218 220
285 217 276
273 220 222
277 220 273
271 222 224
273 222 271
271 224 269
264 226 229
288 246 227
288 227 265
268 229 231
268 264 229
252 231 233
252 250 231
270 231 250
270 268 231
237 234 232
252 233 235
664 236 238
254 252 235
262 254 235
661 263 236
664 661 236
666 238 241
666 664 238
654 241 652
656 651 240
670 1839 413
672 1837 670
654 666 241
288 243 246
288 286 243
290 243 286
272 250 247
278 248 251
274 272 247
279 275 249
278 251 253
272 270 250
280 253 255
280 278 253
259 256 254
282 255 257
262 259 254
282 280 255
303 258 260
298 283 258
300 298 258
303 300 258
661 261 263
659 304 261
661 659 261
284 275 279
292 279 281
286 284 279
290 286 279
292 290 279
294 281 283
294 292 281
296 294 283
298 296 283
331 293 295
333 295 297
333 331 295
333 297 299
336 299 301
336 333 299
342 302 304
341 336 301
342 304 339
659 339 304
366 307 309
362 347 307
366 362 307
379 309 311
368 366 309
379 368 309
381 311 313
381 379 311
328 314 312
381 313 315
331 328 312
326 316 314
383 315 317
328 326 314
383 381 315
326 318 316
383 317 319
326 321 318
425 320 322
391 383 319
425 392 320
326 323 321
425 322 324
693 325 327
690 426 325
693 690 325
693 327 330
681 329 332
693 330 682
686 332 335
684 681 332
686 684 332
673 334 337
688 335 674
688 686 335
341 338 336
676 337 340
676 673 337
676 340 660
362 344 347
405 361 345
405 345 363
407 349 352
433 350 408
356 353 351
420 352 355
417 407 352
420 417 352
397 354 357
395 393 354
420 355 394
397 395 354
397 357 359
403 359 361
399 397 359
403 399 359
405 403 361
379 370 368
376 372 370
379 376 370
399 373 377
401 373 399
400 378 380
400 380 382
398 382 384
400 382 398
388 385 383
396 384 387
391 388 383
398 384 396
393 386 389
395 386 393
425 390 392
422 394 390
425 422 390
422 420 394
403 401 399
672 1835 1837
433 408 410
1830 1821 1828
417 409 407
670 1837 1839
436 433 410
756 437 411
1828 1823 1826
756 411 419
424 418 421
691 418 424
756 419 692
690 423 426
453 429 432
456 429 453
640 431 434
545 453 432
640 544 431
696 435 438
592 434 587
696 588 435
649 434 592
642 640 434
645 642 434
647 645 434
649 647 434
754 695 437
756 754 437
450 442 439
475 440 443
452 450 439
473 452 439
521 474 441
521 441 476
447 444 442
475 443 445
450 447 442
537 446 448
509 475 445
537 510 446
548 449 451
548 538 449
548 451 454
471 455 452
473 471 452
548 454 546
471 469 455
495 458 461
495 493 458
501 458 493
495 461 463
498 464 466
497 495 463
511 466 468
511 498 466
519 468 470
513 511 468
517 513 468
519 517 468
519 470 472
521 472 474
521 519 472
509 478 475
522 477 479
507 480 478
522 479 481
509 507 478
503 482 480
520 481 483
505 503 480
507 505 480
522 481 520
487 484 482
518 483 486
491 487 482
493 491 482
501 493 482
503 501 482
520 483 518
515 485 488
517 485 515
532 504 506
534 506 508
534 532 506
534 508 510
537 534 510
517 515 513
539 524 526
543 527 529
541 539 526
557 529 531
557 543 529
555 531 533
557 531 555
553 533 536
555 533 553
550 535 538
553 536 551
550 538 548
589 540 542
613 540 589
549 547 542
589 542 547
556 549 542
589 547 544
638 589 544
640 638 544
556 552 549
556 554 552
611 561 558
658 560 562
629 611 558
631 558 615
631 629 558
611 563 561
722 562 565
722 658 562
611 566 563
719 564 567
722 565 720
609 568 566
717 567 569
611 609 566
719 567 717
607 570 568
715 569 571
609 607 568
717 569 715
602 572 570
713 571 573
605 602 570
607 605 570
715 571 713
576 574 572
711 573 575
602 576 572
713 573 711
709 575 577
711 575 709
600 578 576
705 577 579
602 600 576
707 577 705
709 577 707
598 580 578
703 579 581
600 598 578
705 579 703
596 582 580
701 581 583
598 596 580
703 581 701
594 584 582
701 583 586
596 594 582
592 587 584
698 585 588
594 592 584
701 586 699
698 588 696
638 592 589
1754 590 593
1757 614 591
1757 591 1755
1776 593 595
636 633 592
649 592 633
638 636 592
1778 1754 593
1778 593 1776
1774 595 597
1776 595 1774
1772 597 599
1774 597 1772
1770 599 601
1772 599 1770
1770 601 603
1768 604 606
1770 603 1767
1763 606 608
1765 606 1763
1768 606 1765
1761 608 610
1763 608 1761
1759 610 612
1761 610 1759
624 613 611
1757 612 614
627 624 611
629 627 611
1759 612 1757
624 622 613
1825 617 619
1822 632 616
1824 1822 616
1827 619 621
1827 1825 619
1829 621 623
1829 1827 621
1831 623 626
1831 1829 623
1815 625 628
1831 626 1816
1818 628 630
1818 1815 628
1820 630 632
1820 1818 630
1822 1820 632
415 635 637
1840 650 634
414 1840 634
412 637 639
412 415 637
669 639 641
669 412 639
671 641 644
671 669 641
1833 643 646
671 644 1834
1836 646 648
1836 1833 646
1838 648 650
1838 1836 648
1840 1838 650
656 653 651
723 655 657
413 1841 416
723 679 655
726 657 721
726 723 657
676 660 662
680 663 665
678 676 662
680 665 668
413 1839 1841
679 667 655
772 675 677
770 689 675
772 770 675
723 677 679
772 677 723
762 683 685
759 694 683
762 759 683
764 685 687
764 762 685
767 687 689
767 764 687
770 767 689
756 692 694
759 756 694
754 697 695
752 700 697
754 752 697
750 702 700
752 750 700
748 704 702
750 748 702
746 706 704
748 746 704
744 708 706
746 744 706
742 710 708
744 742 708
740 712 710
742 740 710
736 714 712
738 736 712
740 738 712
732 716 714
734 732 714
736 734 714
730 718 716
732 730 716
728 721 718
730 728 718
728 726 721
786 725 727
785 773 724
815 727 729
786 727 782
815 782 727
817 729 731
817 815 729
819 731 733
819 817 731
821 733 735
821 819 733
823 735 737
823 821 735
823 737 739
825 739 741
825 823 739
827 741 743
827 825 741
827 743 745
829 745 747
829 827 745
833 747 749
831 829 747
833 831 747
835 749 751
835 833 749
837 751 753
837 835 751
839 753 755
839 837 753
843 755 758
841 839 755
843 841 755
802 757 761
809 757 802
843 758 810
801 760 763
807 763 766
803 801 763
807 803 763
788 765 769
795 765 788
807 766 796
787 768 771
793 771 774
789 787 771
793 789 771
785 775 773
793 774 776
781 777 775
793 776 778
785 781 775
881 779 784
889 794 780
889 780 882
845 783 816
881 784 846
795 788 790
885 791 794
797 795 790
891 799 792
891 792 886
889 885 794
807 796 798
899 808 800
899 800 892
809 802 804
895 805 808
811 809 804
878 814 806
896 878 806
899 895 808
843 810 812
875 844 813
877 875 813
849 816 818
849 845 816
851 818 820
851 849 818
853 820 822
853 851 820
855 822 824
855 853 822
857 824 826
857 855 824
859 826 828
859 857 826
861 828 830
861 859 828
863 830 832
863 861 830
865 832 834
865 863 832
867 834 836
867 865 834
867 836 838
869 838 840
869 867 838
871 840 842
871 869 840
873 842 844
873 871 842
875 873 844
990 848 850
989 883 847
945 850 852
948 850 945
990 850 948
945 852 854
943 854 856
945 854 943
941 856 858
943 856 941
939 858 860
941 858 939
937 860 862
939 860 937
935 862 864
937 862 935
933 864 866
935 864 933
931 866 868
933 866 931
929 868 870
931 868 929
927 870 872
929 870 927
927 872 874
925 874 876
927 874 925
925 876 880
907 879 897
909 879 907
925 880 910
992 890 884
991 883 989
992 887 890
994 893 888
993 887 992
996 900 894
995 893 994
996 898 900
996 908 898
909 904 901
949 902 905
925 910 903
986 924 902
986 902 949
909 907 904
923 906 908
952 905 922
952 949 905
923 908 921
996 921 908
960 914 911
993 913 915
962 911 946
991 947 912
962 960 911
993 992 913
919 916 914
993 915 917
922 919 914
957 922 914
960 957 914
995 918 920
995 994 918
954 952 922
957 954 922
984 926 924
986 984 924
982 928 926
984 982 926
980 930 928
982 980 928
978 932 930
980 978 930
976 934 932
978 976 932
976 936 934
974 938 936
976 974 936
972 940 938
974 972 938
970 942 940
972 970 940
968 944 942
970 968 942
965 946 944
968 965 944
965 962 946
991 989 947
1060 951 953
1007 987 950
1060 1008 951
1060 953 956
1052 955 959
1059 955 1052
1046 958 961
1051 958 1046
1046 961 964
1010 963 967
1045 963 1010
1009 966 969
1017 969 971
1011 1009 969
1015 1011 969
1017 1015 969
1019 971 973
1019 1017 971
1023 973 975
1021 1019 973
1023 1021 973
1027 975 977
1025 1023 975
1027 1025 975
1029 977 979
1029 1027 977
1033 979 981
1031 1029 979
1033 1031 979
1037 981 983
1035 1033 981
1037 1035 981
1041 983 985
1039 1037 983
1041 1039 983
1043 985 988
1043 1041 985
1007 997 987
1043 988 998
1003 999 997
1043 998 1000
1007 1003 997
1172 1001 1006
1179 1044 1002
1179 1002 1173
1065 1004 1008
1067 1005 1066
1172 1006 1070
1062 1008 1060
1065 1008 1062
1045 1010 1012
1181 1013 1016
1047 1045 1012
1204 1049 1014
1204 1014 1184
1185 1016 1018
1185 1181 1016
1187 1018 1020
1187 1185 1018
1189 1020 1022
1189 1187 1020
1189 1022 1024
1191 1024 1026
1191 1189 1024
1193 1026 1028
1193 1191 1026
1193 1028 1030
1195 1030 1032
1195 1193 1030
1195 1032 1034
1197 1034 1036
1197 1195 1034
1197 1036 1038
1199 1038 1040
1199 1197 1038
1199 1040 1042
1177 1042 1044
1199 1042 1177
1179 1177 1044
1051 1046 1048
1057 1051 1048
1213 1058 1050
1213 1050 1205
1057 1053 1051
1059 1052 1054
1209 1055 1058
1061 1059 1054
1076 1064 1056
1212 1076 1056
1213 1209 1058
1071 1066 1063
1073 1071 1063
1071 1067 1066
1087 1068 1072
1171 1069 1088
1080 1072 1074
1080 1077 1072
1087 1072 1077
1085 1080 1074
1216 1086 1075
1216 1075 1211
1166 1078 1081
1175 1088 1079
1159 1089 1078
1175 1079 1090
1162 1159 1078
1164 1162 1078
1166 1164 1078
1085 1082 1080
1118 1081 1083
1123 1081 1118
1168 1081 1123
1168 1166 1081
1122 1084 1086
1120 1118 1083
1216 1122 1086
1175 1171 1088
1157 1092 1089
1176 1091 1093
1159 1157 1089
1155 1094 1092
1180 1093 1095
1157 1155 1092
1176 1093 1174
1180 1174 1093
1153 1096 1094
1178 1095 1097
1155 1153 1094
1180 1095 1178
1149 1098 1096
1200 1097 1099
1151 1149 1096
1153 1151 1096
1200 1178 1097
1147 1100 1098
1198 1099 1101
1149 1147 1098
1200 1099 1198
1147 1102 1100
1196 1101 1103
1198 1101 1196
1145 1104 1102
1194 1103 1105
1147 1145 1102
1196 1103 1194
1141 1106 1104
1192 1105 1107
1143 1141 1104
1145 1143 1104
1194 1105 1192
1139 1108 1106
1190 1107 1109
1141 1139 1106
1192 1107 1190
1137 1110 1108
1188 1109 1111
1139 1137 1108
1190 1109 1188
1135 1112 1110
1186 1111 1113
1137 1135 1110
1188 1111 1186
1128 1115 1112
1207 1114 1116
1130 1128 1112
1132 1130 1112
1135 1132 1112
1201 1186 1113
1207 1202 1114
1123 1118 1115
1208 1117 1119
1126 1123 1115
1128 1126 1115
1214 1119 1121
1208 1119 1206
1214 1206 1119
1215 1214 1121
1231 1125 1127
1220 1169 1124
1222 1220 1124
1225 1222 1124
1228 1225 1124
1230 1228 1124
1321 1127 1129
1319 1231 1127
1321 1319 1127
1337 1129 1131
1324 1321 1129
1337 1324 1129
1337 1131 1134
1266 1133 1136
1347 1134 1267
1339 1337 1134
1347 1339 1134
1277 1136 1138
1269 1266 1136
1271 1269 1136
1275 1271 1136
1277 1275 1136
1281 1138 1140
1279 1277 1138
1281 1279 1138
1283 1140 1142
1283 1281 1140
1287 1142 1144
1285 1283 1142
1287 1285 1142
1291 1144 1146
1289 1287 1144
1291 1289 1144
1291 1146 1148
1293 1148 1150
1293 1291 1148
1297 1150 1152
1295 1293 1150
1297 1295 1150
1301 1152 1154
1299 1297 1152
1301 1299 1152
1305 1154 1156
1303 1301 1154
1305 1303 1154
1309 1156 1158
1307 1305 1156
1309 1307 1156
1311 1158 1161
1311 1309 1158
1244 1160 1163
1244 1233 1160
1317 1161 1234
1313 1311 1161
1317 1313 1161
1244 1163 1165
1246 1165 1167
1246 1244 1165
1264 1167 1170
1261 1246 1167
1264 1261 1167
1220 1217 1169
1264 1170 1218
1201 1182 1186
1203 1183 1202
1207 1203 1202
1215 1210 1214
1410 1219 1221
1410 1265 1219
1410 1221 1223
1362 1224 1227
1408 1224 1362
1410 1223 1407
1360 1226 1229
1360 1229 1232
1363 1232 1320
1363 1360 1232
1244 1236 1233
1492 1235 1237
1504 1318 1235
1508 1235 1492
1506 1504 1235
1508 1506 1235
1241 1238 1236
1492 1237 1240
1244 1241 1236
1345 1239 1243
1490 1240 1346
1495 1240 1490
1495 1492 1240
1342 1242 1245
1345 1243 1343
1340 1245 1247
1342 1245 1340
1258 1248 1246
1338 1247 1249
1261 1258 1246
1340 1247 1338
1253 1250 1248
1336 1249 1251
1256 1253 1248
1258 1256 1248
1338 1249 1336
1478 1252 1255
1375 1336 1251
1478 1377 1252
1414 1254 1257
1414 1374 1254
1477 1254 1374
1414 1257 1259
1476 1260 1263
1475 1414 1259
1412 1262 1265
1471 1262 1412
1474 1263 1472
1476 1263 1474
1412 1265 1410
1524 1268 1270
1519 1348 1268
1522 1519 1268
1524 1522 1268
1484 1270 1272
1510 1270 1484
1526 1270 1510
1526 1524 1270
1583 1274 1276
1586 1486 1273
1586 1273 1582
1580 1276 1278
1583 1276 1580
1580 1278 1280
1580 1280 1282
1578 1282 1284
1580 1282 1578
1576 1284 1286
1578 1284 1576
1576 1286 1288
1574 1288 1290
1576 1288 1574
1574 1290 1292
1574 1292 1294
1572 1294 1296
1574 1294 1572
1570 1296 1298
1572 1296 1570
1568 1298 1300
1570 1298 1568
1568 1300 1302
1566 1302 1304
1568 1302 1566
1566 1304 1306
1564 1306 1308
1566 1306 1564
1564 1308 1310
1562 1310 1312
1564 1310 1562
1562 1312 1316
1501 1314 1318
1501 1487 1314
1558 1315 1489
1562 1316 1560
1504 1501 1318
1363 1320 1322
1359 1323 1326
1363 1322 1358
1335 1327 1324
1365 1325 1328
1337 1335 1324
1357 1326 1355
1365 1354 1325
1359 1326 1357
1332 1329 1327
1367 1328 1330
1335 1332 1327
1367 1365 1328
1353 1331 1333
1367 1330 1352
1351 1334 1336
1353 1333 1350
1375 1351 1336
1344 1341 1339
1347 1344 1339
1482 1346 1348
1482 1479 1346
1490 1346 1479
1519 1482 1348
1367 1352 1349
1369 1367 1349
1372 1370 1351
1375 1372 1351
1365 1356 1354
1363 1358 1356
1365 1363 1356
1402 1361 1364
1406 1361 1402
1404 1364 1366
1404 1402 1364
1404 1366 1368
1404 1368 1371
1395 1371 1373
1395 1378 1371
1404 1371 1378
1477 1374 1376
1413 1395 1373
1392 1381 1378
1428 1380 1383
1395 1392 1378
1424 1405 1379
1426 1424 1379
1390 1384 1381
1441 1382 1385
1392 1390 1381
1442 1428 1383
1388 1386 1384
1439 1385 1387
1390 1388 1384
1441 1385 1439
1437 1387 1389
1439 1387 1437
1435 1389 1391
1437 1389 1435
1433 1391 1394
1435 1391 1433
1430 1393 1397
1433 1394 1431
1413 1398 1395
1415 1396 1399
1430 1397 1417
1406 1400 1398
1418 1399 1401
1409 1406 1398
1411 1409 1398
1413 1411 1398
1418 1415 1399
1406 1402 1400
1420 1401 1403
1420 1418 1401
1422 1403 1405
1422 1420 1403
1424 1422 1405
1473 1412 1414
1473 1471 1412
1475 1473 1414
1457 1416 1419
1454 1429 1416
1457 1454 1416
1462 1419 1421
1460 1457 1419
1462 1460 1419
1464 1421 1423
1464 1462 1421
1464 1423 1425
1466 1425 1427
1466 1464 1425
1468 1427 1440
1468 1466 1427
1452 1432 1429
1454 1452 1429
1450 1434 1432
1452 1450 1432
1450 1436 1434
1448 1438 1436
1450 1448 1436
1443 1440 1438
1446 1443 1438
1448 1446 1438
1468 1440 1443
1556 1481 1483
1553 1491 1480
1555 1553 1480
1517 1484 1482
1595 1483 1485
1519 1517 1482
1595 1556 1483
1513 1510 1484
1515 1513 1484
1517 1515 1484
1588 1485 1585
1597 1485 1588
1597 1595 1485
1495 1490 1487
1553 1488 1491
1497 1495 1487
1499 1497 1487
1501 1499 1487
1551 1528 1488
1558 1489 1529
1553 1551 1488
1789 1494 1496
1786 1509 1493
1788 1786 1493
1791 1496 1498
1791 1789 1496
1793 1498 1500
1793 1791 1498
1795 1500 1503
1795 1793 1500
1779 1502 1505
1795 1503 1780
1782 1505 1507
1782 1779 1505
1784 1507 1509
1784 1782 1507
1786 1784 1509
1807 1512 1514
1804 1527 1511
1806 1804 1511
1809 1514 1516
1809 1807 1514
1811 1516 1518
1811 1809 1516
1813 1518 1521
1813 1811 1518
1797 1520 1523
1813 1521 1798
1800 1523 1525
1800 1797 1523
1802 1525 1527
1802 1800 1525
1804 1802 1527
1551 1531 1528
1559 1530 1532
1549 1533 1531
1561 1532 1534
1551 1549 1531
1561 1559 1532
1547 1535 1533
1565 1534 1536
1549 1547 1533
1563 1561 1534
1565 1563 1534
1545 1537 1535
1567 1536 1538
1547 1545 1535
1567 1565 1536
1542 1539 1537
1569 1538 1540
1545 1542 1537
1569 1567 1538
1603 1541 1543
1571 1569 1540
1593 1571 1540
1603 1594 1541
1604 1544 1546
1619 1546 1548
1616 1604 1546
1619 1616 1546
1621 1548 1550
1621 1619 1548
1623 1550 1552
1623 1621 1550
1625 1552 1554
1625 1623 1552
1596 1554 1557
1605 1554 1596
1625 1554 1605
1593 1573 1571
1591 1575 1573
1593 1591 1573
1589 1577 1575
1591 1589 1575
1589 1579 1577
1587 1581 1579
1589 1587 1579
1587 1584 1581
1599 1588 1590
1599 1597 1588
1601 1590 1592
1601 1599 1590
1603 1592 1594
1603 1601 1592
1608 1596 1598
1608 1605 1596
1610 1598 1600
1610 1608 1598
1612 1600 1602
1612 1610 1600
1614 1602 1604
1614 1612 1602
1616 1614 1604
1639 1607 1609
1636 1626 1606
1638 1636 1606
1641 1609 1611
1641 1639 1609
1643 1611 1613
1643 1641 1611
1645 1613 1615
1645 1643 1613
1647 1615 1618
1647 1645 1615
1627 1617 1620
1647 1618 1628
1630 1620 1622
1630 1627 1620
1632 1622 1624
1632 1630 1622
1634 1624 1626
1634 1632 1624
1636 1634 1626
1665 1629 1631
1660 1648 1629
1665 1660 1629
1667 1631 1633
1667 1665 1631
1669 1633 1635
1669 1667 1633
1671 1635 1637
1671 1669 1635
1673 1637 1640
1673 1671 1637
1652 1640 1642
1673 1640 1652
1654 1642 1644
1654 1652 1642
1656 1644 1646
1656 1654 1644
1658 1646 1648
1658 1656 1646
1660 1658 1648
1673 1652 1649
1689 1651 1653
1686 1674 1650
1688 1686 1650
1691 1653 1655
1691 1689 1653
1693 1655 1657
1693 1691 1655
1695 1657 1659
1695 1693 1657
1697 1659 1661
1697 1695 1659
1665 1662 1660
1699 1661 1664
1699 1697 1661
1675 1663 1666
1699 1664 1676
1678 1666 1668
1678 1675 1666
1680 1668 1670
1680 1678 1668
1682 1670 1672
1682 1680 1670
1684 1672 1674
1684 1682 1672
1686 1684 1674
1717 1677 1679
1712 1700 1677
1714 1712 1677
1717 1714 1677
1719 1679 1681
1719 1717 1679
1721 1681 1683
1721 1719 1681
1721 1683 1685
1723 1685 1687
1723 1721 1685
1725 1687 1690
1725 1723 1687
1704 1690 1692
1704 1701 1690
1725 1690 1701
1706 1692 1694
1706 1704 1692
1708 1694 1696
1708 1706 1694
1708 1696 1698
1710 1698 1700
1710 1708 1698
1712 1710 1700
1741 1703 1705
1738 1726 1702
1740 1738 1702
1743 1705 1707
1743 1741 1705
1745 1707 1709
1745 1743 1707
1747 1709 1711
1747 1745 1709
1749 1711 1713
1749 1747 1711
1751 1713 1716
1751 1749 1713
1727 1715 1718
1751 1716 1728
1730 1718 1720
1730 1727 1718
1732 1720 1722
1732 1730 1720
1734 1722 1724
1734 1732 1722
1736 1724 1726
1736 1734 1724
1738 1736 1726
1766 1729 1731
1764 1752 1729
1766 1764 1729
1769 1731 1733
1769 1766 1731
1771 1733 1735
1771 1769 1733
1775 1735 1737
1773 1771 1735
1775 1773 1735
1777 1737 1739
1777 1775 1737
1777 1739 1742
1753 1742 1744
1777 1742 1753
1756 1744 1746
1756 1753 1744
1758 1746 1748
1758 1756 1746
1762 1748 1750
1760 1758 1748
1762 1760 1748
1764 1750 1752
1764 1762 1750
1796 1781 1783
1794 1783 1785
1796 1783 1794
1792 1785 1787
1794 1785 1792
1792 1787 1790
1814 1799 1801
1812 1801 1803
1814 1801 1812
1810 1803 1805
1812 1803 1810
1810 1805 1808
1832 1817 1819
1830 1819 1821
1832 1819 1830
1828 1821 1823
1880 1845 1842
1895 1844 1846
1864 1842 1862
1892 1863 1843
1880 1842 1864
1894 1892 1843
1878 1847 1845
1898 1846 1848
1880 1878 1845
1898 1895 1846
1878 1849 1847
1900 1848 1850
1900 1898 1848
1878 1851 1849
1902 1850 1852
1902 1900 1850
1873 1853 1851
1904 1852 1855
1876 1873 1851
1878 1876 1851
1904 1902 1852
1871 1856 1853
1882 1854 1857
1873 1871 1853
1904 1855 1883
1869 1858 1856
1886 1857 1859
1871 1869 1856
1886 1882 1857
1869 1860 1858
1888 1859 1861
1888 1886 1859
1869 1862 1860
1890 1861 1863
1890 1888 1861
1867 1864 1862
1869 1867 1862
1892 1890 1863
2305 1866 1868
2307 1881 1865
2307 1865 2304
2301 1868 1870
2305 1868 2301
2299 1870 1872
2301 1870 2299
2297 1872 1875
2299 1872 2297
2294 1874 1877
2297 1875 2295
2311 1877 1879
2311 2294 1877
2309 1879 1881
2311 1879 2309
2309 1881 2307
1918 1885 1887
1915 1905 1884
1917 1915 1884
1920 1887 1889
1920 1918 1887
1922 1889 1891
1922 1920 1889
1924 1891 1893
1924 1922 1891
1926 1893 1897
1926 1924 1893
1906 1896 1899
1926 1897 1907
1909 1899 1901
1909 1906 1899
1911 1901 1903
1911 1909 1901
1913 1903 1905
1913 1911 1903
1915 1913 1905
1931 1908 1910
1948 1927 1908
1948 1908 1931
1933 1910 1912
1933 1931 1910
1933 1912 1914
1935 1914 1916
1935 1933 1914
1937 1916 1919
1937 1935 1916
1942 1919 1921
1942 1937 1919
1944 1921 1923
1944 1942 1921
1944 1923 1925
1946 1925 1927
1946 1944 1925
1948 1946 1927
1948 1931 1928
1962 1930 1932
1959 1949 1929
1961 1959 1929
1964 1932 1934
1964 1962 1932
1966 1934 1936
1966 1964 1934
1968 1936 1938
1968 1966 1936
1942 1939 1937
1970 1938 1941
1970 1968 1938
1950 1940 1943
1970 1941 1951
1953 1943 1945
1953 1950 1943
1955 1945 1947
1955 1953 1945
1957 1947 1949
1957 1955 1947
1959 1957 1949
2017 1952 1954
2015 1971 1952
2017 2015 1952
2021 1954 1956
2019 2017 1954
2021 2019 1954
1993 1956 1958
2024 1956 1993
2024 2021 1956
1996 1958 1960
1996 1993 1958
2001 1960 1963
1998 1996 1960
2001 1998 1960
2003 1963 1965
2003 2001 1963
2005 1965 1967
2005 2003 1965
2013 1967 1969
2013 2005 1967
2015 1969 1971
2015 2013 1969
1985 1975 1972
2061 1974 1976
1987 1985 1972
2051 1987 1972
2051 1972 2029
2063 2030 1973
2063 1973 2060
1982 1977 1975
2069 1976 1978
1985 1982 1975
2069 2061 1976
1982 1980 1977
2067 1979 1981
2069 1978 2066
2074 1981 1983
2074 2067 1981
2072 1984 1986
2074 1983 2071
2076 1986 1988
2076 2072 1986
2051 1990 1987
2079 1989 1991
2078 2076 1988
2032 1993 1990
2083 1992 1995
2035 2032 1990
2049 2035 1990
2051 2049 1990
2081 2079 1991
2120 1994 1997
2026 2024 1993
2044 2026 1993
2044 1993 2032
2121 2083 1995
2118 1997 2000
2120 1997 2118
2115 1999 2002
2118 2000 2116
2113 2002 2004
2115 2002 2113
2111 2004 2006
2113 2004 2111
2013 2007 2005
2107 2006 2008
2109 2006 2107
2111 2006 2109
2011 2009 2007
2105 2008 2010
2013 2011 2007
2107 2008 2105
2103 2010 2012
2105 2010 2103
2101 2012 2014
2103 2012 2101
2099 2014 2016
2101 2014 2099
2097 2016 2018
2099 2016 2097
2095 2018 2020
2097 2018 2095
2093 2020 2023
2095 2020 2093
2090 2022 2025
2093 2023 2091
2088 2025 2028
2090 2025 2088
2053 2029 2026
2085 2027 2031
2044 2042 2026
2056 2026 2042
2056 2053 2026
2088 2028 2086
2053 2051 2029
2085 2031 2065
2357 2033 2036
2360 2045 2034
2360 2034 2358
2049 2037 2035
2367 2036 2038
2369 2357 2036
2369 2036 2367
2046 2039 2037
2367 2038 2040
2049 2046 2037
2058 2042 2039
2365 2041 2043
2058 2039 2046
2367 2040 2364
2360 2043 2045
2058 2056 2042
2362 2043 2360
2365 2043 2362
2325 2047 2050
2328 2059 2048
2328 2048 2326
2335 2050 2052
2337 2325 2050
2337 2050 2335
2335 2052 2054
2333 2055 2057
2335 2054 2332
2328 2057 2059
2330 2057 2328
2333 2057 2330
2127 2064 2062
2127 2062 2070
2148 2084 2064
2155 2064 2127
2151 2148 2064
2153 2151 2064
2155 2153 2064
2129 2070 2068
2075 2073 2068
2077 2068 2073
2129 2068 2077
2129 2127 2070
2129 2077 2080
2173 2080 2082
2171 2129 2080
2173 2171 2080
2175 2082 2119
2175 2173 2082
2125 2087 2084
2162 2125 2084
2164 2084 2148
2164 2162 2084
2125 2089 2087
2125 2092 2089
2122 2094 2092
2125 2122 2092
2146 2096 2094
2146 2094 2122
2146 2098 2096
2144 2100 2098
2146 2144 2098
2104 2102 2100
2142 2104 2100
2144 2142 2100
2142 2106 2104
2138 2108 2106
2140 2138 2106
2142 2140 2106
2135 2110 2108
2138 2135 2108
2133 2112 2110
2135 2133 2110
2133 2114 2112
2131 2117 2114
2133 2131 2114
2131 2119 2117
2182 2119 2131
2178 2175 2119
2180 2178 2119
2182 2180 2119
2199 2124 2126
2196 2147 2123
2198 2196 2123
2160 2127 2125
2204 2126 2128
2162 2160 2125
2202 2199 2126
2204 2202 2126
2204 2128 2130
2157 2155 2127
2160 2157 2127
2169 2131 2129
2206 2130 2132
2171 2169 2129
2206 2204 2130
2210 2132 2134
2169 2166 2131
2182 2131 2166
2208 2206 2132
2210 2208 2132
2210 2134 2137
2184 2136 2139
2210 2137 2185
2190 2139 2141
2188 2184 2139
2190 2188 2139
2190 2141 2143
2192 2143 2145
2192 2190 2143
2196 2145 2147
2194 2192 2145
2196 2194 2145
2323 2150 2152
2319 2165 2149
2321 2319 2149
2343 2152 2154
2343 2323 2152
2341 2154 2156
2343 2154 2341
2339 2156 2159
2341 2156 2339
2312 2158 2161
2339 2159 2314
2315 2161 2163
2315 2312 2161
2317 2163 2165
2317 2315 2163
2319 2317 2165
2355 2168 2170
2351 2183 2167
2353 2351 2167
2375 2170 2172
2375 2355 2170
2373 2172 2174
2375 2172 2373
2371 2174 2177
2373 2174 2371
2344 2176 2179
2371 2177 2346
2347 2179 2181
2347 2344 2179
2349 2181 2183
2349 2347 2181
2351 2349 2183
2226 2187 2189
2223 2211 2186
2225 2223 2186
2230 2189 2191
2228 2226 2189
2230 2228 2189
2230 2191 2193
2232 2193 2195
2232 2230 2193
2236 2195 2197
2234 2232 2195
2236 2234 2195
2236 2197 2201
2212 2200 2203
2236 2201 2213
2217 2203 2205
2215 2212 2203
2217 2215 2203
2217 2205 2207
2219 2207 2209
2219 2217 2207
2223 2209 2211
2221 2219 2209
2223 2221 2209
2238 2214 2216
2254 2237 2214
2254 2214 2238
2224 2216 2218
2243 2216 2224
2241 2238 2216
2243 2241 2216
2222 2218 2220
2224 2218 2222
2245 2224 2227
2245 2243 2224
2247 2227 2229
2247 2245 2227
2237 2229 2231
2252 2229 2237
2250 2247 2229
2252 2250 2229
2235 2231 2233
2237 2231 2235
2254 2252 2237
2266 2240 2242
2263 2255 2239
2265 2263 2239
2268 2242 2244
2268 2266 2242
2270 2244 2246
2270 2268 2244
2272 2246 2249
2272 2270 2246
2256 2248 2251
2272 2249 2257
2259 2251 2253
2259 2256 2251
2261 2253 2255
2261 2259 2253
2263 2261 2255
2274 2258 2260
2274 2273 2258
2277 2260 2262
2277 2274 2260
2281 2262 2264
2279 2277 2262
2281 2279 2262
2283 2264 2267
2283 2281 2264
2283 2267 2269
2286 2269 2271
2286 2283 2269
2290 2271 2273
2288 2286 2271
2290 2288 2271
2290 2273 2274
2303 2276 2278
2300 2291 2275
2302 2300 2275
2306 2278 2280
2306 2303 2278
2308 2280 2282
2308 2306 2280
2310 2282 2285
2310 2308 2282
2292 2284 2287
2310 2285 2293
2296 2287 2289
2296 2292 2287
2298 2289 2291
2298 2296 2289
2300 2298 2291
2327 2313 2316
2327 2324 2313
2336 2313 2324
2338 2313 2336
2327 2316 2318
2329 2318 2320
2329 2327 2318
2329 2320 2322
2331 2329 2322
2334 2331 2322
2342 2334 2322
2340 2336 2334
2342 2340 2334
2340 2338 2336
2359 2345 2348
2359 2356 2345
2368 2345 2356
2370 2345 2368
2359 2348 2350
2361 2350 2352
2361 2359 2350
2361 2352 2354
2363 2361 2354
2366 2363 2354
2374 2366 2354
2372 2368 2366
2374 2372 2366
2372 2370 2368
2425 2379 2376
2550 2378 2381
2431 2426 2377
2550 2432 2378
2423 2382 2379
2547 2380 2384
2425 2423 2379
2549 2380 2547
2420 2385 2382
2544 2383 2387
2423 2420 2382
2546 2383 2544
2420 2388 2385
2541 2386 2390
2543 2386 2541
2417 2391 2388
2502 2389 2393
2420 2417 2388
2540 2389 2502
2397 2394 2391
2527 2392 2396
2417 2397 2391
2518 2501 2392
2520 2392 2504
2536 2504 2392
2520 2518 2392
2525 2522 2392
2538 2392 2522
2527 2525 2392
2538 2536 2392
2496 2395 2399
2498 2395 2496
2527 2396 2499
2403 2400 2397
2493 2398 2402
2415 2403 2397
2417 2415 2397
2495 2398 2493
2490 2401 2405
2492 2401 2490
2415 2406 2403
2487 2404 2408
2489 2404 2487
2412 2409 2406
2484 2407 2411
2415 2412 2406
2486 2407 2484
2479 2410 2414
2483 2410 2479
2478 2413 2416
2481 2416 2419
2481 2478 2416
2445 2418 2422
2474 2439 2418
2481 2419 2440
2445 2442 2418
2458 2418 2442
2456 2454 2418
2460 2418 2454
2458 2456 2418
2476 2418 2460
2476 2474 2418
2434 2421 2424
2447 2422 2435
2447 2445 2422
2437 2424 2427
2437 2434 2424
2431 2428 2426
2437 2427 2429
2551 2430 2433
2551 2438 2430
2542 2436 2438
2472 2435 2439
2497 2441 2436
2449 2447 2435
2451 2449 2435
2465 2451 2435
2467 2465 2435
2469 2467 2435
2472 2469 2435
2500 2497 2436
2542 2500 2436
2548 2542 2438
2551 2548 2438
2474 2472 2439
2491 2482 2441
2494 2491 2441
2497 2494 2441
2595 2443 2446
2606 2459 2444
2606 2444 2596
2591 2446 2448
2593 2446 2591
2595 2446 2593
2587 2448 2450
2589 2448 2587
2591 2448 2589
2585 2450 2452
2587 2450 2585
2460 2454 2451
2582 2453 2455
2463 2460 2451
2465 2463 2451
2585 2452 2581
2600 2455 2457
2598 2582 2455
2600 2598 2455
2604 2457 2459
2602 2600 2457
2604 2602 2457
2606 2604 2459
2567 2461 2464
2578 2477 2462
2578 2462 2568
2563 2464 2466
2565 2464 2563
2567 2464 2565
2559 2466 2468
2561 2466 2559
2563 2466 2561
2557 2468 2470
2559 2468 2557
2554 2471 2473
2557 2470 2553
2572 2473 2475
2570 2554 2473
2572 2570 2473
2576 2475 2477
2574 2572 2475
2576 2574 2475
2578 2576 2477
2488 2480 2482
2488 2485 2480
2491 2488 2482
2516 2499 2501
2542 2503 2500
2509 2507 2499
2531 2499 2507
2511 2509 2499
2513 2511 2499
2516 2513 2499
2529 2527 2499
2531 2529 2499
2518 2516 2501
2531 2507 2504
2569 2506 2508
2564 2521 2505
2534 2531 2504
2536 2534 2504
2566 2564 2505
2577 2508 2510
2579 2569 2508
2579 2508 2577
2575 2510 2512
2577 2510 2575
2571 2512 2515
2573 2512 2571
2575 2512 2573
2552 2514 2517
2571 2515 2555
2558 2517 2519
2556 2552 2517
2558 2556 2517
2560 2519 2521
2560 2558 2519
2562 2560 2521
2564 2562 2521
2597 2524 2526
2592 2539 2523
2594 2592 2523
2605 2526 2528
2607 2597 2526
2607 2526 2605
2603 2528 2530
2605 2528 2603
2599 2530 2533
2601 2530 2599
2603 2530 2601
2580 2532 2535
2599 2533 2583
2586 2535 2537
2584 2580 2535
2586 2584 2535
2588 2537 2539
2588 2586 2537
2590 2588 2539
2592 2590 2539
2548 2545 2542
2657 2611 2608
2782 2610 2613
2663 2658 2609
2782 2664 2610
2655 2614 2611
2779 2612 2616
2657 2655 2611
2781 2612 2779
2652 2617 2614
2776 2615 2619
2655 2652 2614
2778 2615 2776
2652 2620 2617
2773 2618 2622
2775 2618 2773
2649 2623 2620
2734 2621 2625
2652 2649 2620
2772 2621 2734
2629 2626 2623
2759 2624 2628
2649 2629 2623
2750 2733 2624
2752 2624 2736
2768 2736 2624
2752 2750 2624
2757 2754 2624
2770 2624 2754
2759 2757 2624
2770 2768 2624
2728 2627 2631
2730 2627 2728
2759 2628 2731
2635 2632 2629
2725 2630 2634
2647 2635 2629
2649 2647 2629
2727 2630 2725
2722 2633 2637
2724 2633 2722
2647 2638 2635
2719 2636 2640
2721 2636 2719
2644 2641 2638
2716 2639 2643
2647 2644 2638
2718 2639 2716
2711 2642 2646
2715 2642 2711
2710 2645 2648
2713 2648 2651
2713 2710 2648
2677 2650 2654
2706 2671 2650
2713 2651 2672
2677 2674 2650
2690 2650 2674
2688 2686 2650
2692 2650 2686
2690 2688 2650
2708 2650 2692
2708 2706 2650
2666 2653 2656
2679 2654 2667
2679 2677 2654
2669 2656 2659
2669 2666 2656
2663 2660 2658
2669 2659 2661
2783 2662 2665
2783 2670 2662
2774 2668 2670
2704 2667 2671
2729 2673 2668
2681 2679 2667
2683 2681 2667
2697 2683 2667
2699 2697 2667
2701 2699 2667
2704 2701 2667
2732 2729 2668
2774 2732 2668
2780 2774 2670
2783 2780 2670
2706 2704 2671
2723 2714 2673
2726 2723 2673
2729 2726 2673
2827 2675 2678
2838 2691 2676
2838 2676 2828
2823 2678 2680
2825 2678 2823
2827 2678 2825
2819 2680 2682
2821 2680 2819
2823 2680 2821
2817 2682 2684
2819 2682 2817
2692 2686 2683
2814 2685 2687
2695 2692 2683
2697 2695 2683
2817 2684 2813
2832 2687 2689
2830 2814 2687
2832 2830 2687
2836 2689 2691
2834 2832 2689
2836 2834 2689
2838 2836 2691
2799 2693 2696
2810 2709 2694
2810 2694 2800
2795 2696 2698
2797 2696 2795
2799 2696 2797
2791 2698 2700
2793 2698 2791
2795 2698 2793
2789 2700 2702
2791 2700 2789
2786 2703 2705
2789 2702 2785
2804 2705 2707
2802 2786 2705
2804 2802 2705
2808 2707 2709
2806 2804 2707
2808 2806 2707
2810 2808 2709
2720 2712 2714
2720 2717 2712
2723 2720 2714
2748 2731 2733
2774 2735 2732
2741 2739 2731
2763 2731 2739
2743 2741 2731
2745 2743 2731
2748 2745 2731
2761 2759 2731
2763 2761 2731
2750 2748 2733
2763 2739 2736
2801 2738 2740
2796 2753 2737
2766 2763 2736
2768 2766 2736
2798 2796 2737
2809 2740 2742
2811 2801 2740
2811 2740 2809
2807 2742 2744
2809 2742 2807
2803 2744 2747
2805 2744 2803
2807 2744 2805
2784 2746 2749
2803 2747 2787
2790 2749 2751
2788 2784 2749
2790 2788 2749
2792 2751 2753
2792 2790 2751
2794 2792 2753
2796 2794 2753
2829 2756 2758
2824 2771 2755
2826 2824 2755
2837 2758 2760
2839 2829 2758
2839 2758 2837
2835 2760 2762
2837 2760 2835
2831 2762 2765
2833 2762 2831
2835 2762 2833
2812 2764 2767
2831 2765 2815
2818 2767 2769
2816 2812 2767
2818 2816 2767
2820 2769 2771
2820 2818 2769
2822 2820 2771
2824 2822 2771
2780 2777 2774
2850 2842 2840
2893 2841 2843
2852 2850 2840
2862 2852 2840
2891 2863 2841
2893 2891 2841
2847 2844 2842
2895 2843 2845
2850 2847 2842
2895 2893 2843
2904 2846 2849
2897 2895 2845
2904 2898 2846
2903 2848 2851
2906 2851 2853
2906 2903 2851
2862 2854 2852
2908 2853 2855
2908 2906 2853
2859 2856 2854
2910 2855 2858
2862 2859 2854
2910 2908 2855
2865 2857 2861
2900 2857 2865
2912 2858 2901
2912 2910 2858
2888 2860 2863
2885 2864 2860
2888 2885 2860
2891 2888 2863
2883 2867 2864
2902 2866 2868
2885 2883 2864
2881 2869 2867
2935 2868 2870
2883 2881 2867
2935 2902 2868
2879 2871 2869
2933 2870 2872
2881 2879 2869
2935 2870 2933
2876 2873 2871
2931 2872 2875
2879 2876 2871
2933 2872 2931
2928 2874 2878
2931 2875 2929
2925 2877 2880
2928 2878 2926
2923 2880 2882
2925 2880 2923
2921 2882 2884
2923 2882 2921
2919 2884 2887
2921 2884 2919
2916 2886 2890
2919 2887 2917
2913 2889 2892
2916 2890 2914
2911 2892 2894
2913 2892 2911
2909 2894 2896
2911 2894 2909
2907 2896 2899
2909 2896 2907
2907 2899 2905
2915 2912 2901
2934 2915 2901
2934 2918 2915
2932 2920 2918
2934 2932 2918
2930 2922 2920
2932 2930 2920
2927 2924 2922
2930 2927 2922
2980 2939 2936
3002 2937 2940
3021 2981 2938
3002 2982 2937
3025 2938 2983
3023 3021 2938
3025 3023 2938
2945 2942 2939
3144 2941 2944
2948 2945 2939
2950 2948 2939
2963 2950 2939
2965 2963 2939
2980 2965 2939
3144 3003 2941
3116 2943 2947
3118 2943 3116
3143 2943 3118
3137 2946 2949
3134 3115 2946
3137 3134 2946
3123 2949 2952
3139 2949 3123
3139 3137 2949
2963 2953 2950
3098 2951 2954
3123 2952 3099
2958 2955 2953
3101 2954 2957
2960 2958 2953
2963 2960 2953
3101 3098 2954
3060 2956 2959
3076 2956 3060
3103 2957 3077
3103 3101 2957
3060 2959 2962
3067 2961 2964
3064 3059 2961
3067 3064 2961
3069 2964 2966
3069 3067 2964
2970 2967 2965
3071 2966 2969
2972 2970 2965
2975 2972 2965
2977 2975 2965
2980 2977 2965
3071 3069 2966
3035 2968 2971
3042 2968 3035
3071 2969 3043
3035 2971 2974
3040 2973 2976
3038 3034 2973
3040 3038 2973
3040 2976 2979
3004 2978 2981
3040 2979 3005
3007 3004 2981
3021 3007 2981
3002 2984 2982
3028 2983 2985
3028 3025 2983
3002 2986 2984
3011 2985 2987
3030 2985 3011
3030 3028 2985
2994 2989 2986
3014 2988 2990
3002 2994 2986
3013 3011 2987
2994 2991 2989
3014 2990 2992
3054 2993 2995
3036 3014 2992
3036 2992 3034
3044 3035 2993
3047 3044 2993
3049 3047 2993
3052 3049 2993
3054 3052 2993
2999 2996 2994
3057 2995 2997
3002 2999 2994
3057 3054 2995
3149 2998 3001
3276 3058 2998
3282 2998 3149
3282 3276 2998
3214 3000 3003
3218 3148 3000
3212 3209 3000
3242 3000 3209
3214 3212 3000
3236 3218 3000
3239 3236 3000
3242 3239 3000
3246 3003 3144
3216 3003 3200
3246 3200 3003
3216 3214 3003
3041 3006 3008
3019 3009 3007
3041 3008 3010
3021 3019 3007
3032 3011 3009
3039 3010 3012
3019 3016 3009
3032 3009 3016
3041 3010 3039
3037 3012 3015
3032 3030 3011
3039 3012 3037
3211 3018 3020
3213 3033 3017
3213 3017 3210
3208 3020 3022
3211 3020 3208
3206 3022 3024
3208 3022 3206
3204 3024 3027
3206 3024 3204
3201 3026 3029
3204 3027 3202
3217 3029 3031
3217 3201 3029
3215 3031 3033
3217 3031 3215
3215 3033 3213
3038 3036 3034
3044 3042 3035
3071 3043 3045
3074 3046 3048
3073 3071 3045
3074 3048 3051
3288 3050 3053
3290 3074 3051
3290 3051 3289
3269 3053 3056
3271 3053 3269
3288 3053 3271
3273 3055 3058
3270 3268 3055
3273 3270 3055
3276 3273 3058
3064 3061 3059
3076 3060 3062
3293 3063 3066
3096 3076 3062
3293 3097 3063
3350 3065 3068
3348 3292 3065
3350 3348 3065
3072 3068 3070
3352 3068 3072
3352 3350 3068
3354 3072 3075
3354 3352 3072
3354 3075 3291
3091 3078 3076
3105 3077 3079
3093 3091 3076
3096 3093 3076
3105 3103 3077
3086 3081 3078
3114 3080 3082
3088 3086 3078
3091 3088 3078
3113 3105 3079
3086 3083 3081
3143 3082 3084
3114 3082 3112
3143 3112 3082
3425 3085 3087
3145 3143 3084
3425 3147 3085
3296 3087 3090
3425 3087 3296
3417 3089 3092
3418 3296 3090
3413 3092 3095
3415 3092 3413
3417 3092 3415
3293 3094 3097
3412 3094 3293
3124 3100 3102
3124 3102 3104
3122 3104 3106
3124 3104 3122
3110 3107 3105
3120 3106 3109
3113 3110 3105
3122 3106 3120
3117 3108 3111
3119 3108 3117
3143 3118 3112
3130 3117 3115
3132 3130 3115
3134 3132 3115
3130 3119 3117
3128 3121 3119
3130 3128 3119
3141 3123 3121
3128 3125 3121
3141 3121 3125
3141 3139 3123
3193 3127 3129
3195 3142 3126
3195 3126 3192
3190 3129 3131
3193 3129 3190
3188 3131 3133
3190 3131 3188
3186 3133 3136
3188 3133 3186
3183 3135 3138
3186 3136 3184
3199 3138 3140
3199 3183 3138
3197 3140 3142
3199 3140 3197
3197 3142 3195
3185 3144 3146
3185 3182 3144
3246 3144 3182
3191 3146 3161
3419 3162 3147
3187 3185 3146
3189 3187 3146
3191 3189 3146
3422 3419 3147
3425 3422 3147
3230 3151 3148
3286 3150 3152
3234 3148 3218
3232 3230 3148
3234 3232 3148
3285 3282 3149
3156 3153 3151
3533 3152 3155
3159 3156 3151
3262 3159 3151
3230 3227 3151
3262 3151 3227
3537 3286 3152
3533 3530 3152
3537 3152 3530
3460 3154 3158
3535 3155 3461
3535 3533 3155
3428 3157 3160
3458 3158 3429
3481 3158 3458
3463 3460 3158
3465 3463 3158
3481 3465 3158
3169 3161 3159
3453 3160 3163
3171 3169 3159
3173 3171 3159
3262 3173 3159
3431 3428 3160
3433 3431 3160
3435 3433 3160
3453 3435 3160
3167 3164 3161
3258 3161 3164
3169 3167 3161
3252 3191 3161
3255 3252 3161
3258 3255 3161
3453 3163 3420
3518 3165 3168
3258 3164 3180
3521 3181 3166
3521 3166 3519
3516 3168 3170
3518 3168 3516
3514 3170 3172
3516 3170 3514
3512 3172 3174
3514 3172 3512
3260 3176 3173
3510 3175 3177
3262 3260 3173
3512 3174 3509
3260 3178 3176
3525 3177 3179
3525 3510 3177
3260 3180 3178
3523 3179 3181
3525 3179 3523
3260 3258 3180
3523 3181 3521
3246 3182 3198
3250 3194 3191
3252 3250 3191
3248 3196 3194
3250 3248 3194
3248 3198 3196
3248 3246 3198
3244 3203 3200
3246 3244 3200
3244 3205 3203
3244 3207 3205
3242 3209 3207
3244 3242 3207
3266 3221 3218
3572 3219 3222
3575 3235 3220
3266 3218 3236
3575 3220 3573
3264 3223 3221
3570 3222 3224
3266 3264 3221
3572 3222 3570
3264 3225 3223
3568 3224 3226
3570 3224 3568
3262 3227 3225
3566 3226 3228
3264 3262 3225
3568 3226 3566
3564 3229 3231
3566 3228 3563
3579 3231 3233
3579 3564 3231
3577 3233 3235
3579 3233 3577
3577 3235 3575
4008 3238 3241
4010 3267 3237
4010 3237 4007
4004 3240 3243
4008 3241 4005
4002 3243 3245
4004 3243 4002
4000 3245 3247
4002 3245 4000
3998 3247 3249
4000 3247 3998
3996 3249 3251
3998 3249 3996
3994 3251 3254
3996 3251 3994
3991 3253 3257
3994 3254 3992
3988 3256 3259
3991 3257 3989
4018 3259 3261
4018 3988 3259
4016 3261 3263
4018 3261 4016
4014 3263 3265
4016 3263 4014
4012 3265 3267
4014 3265 4012
4012 3267 4010
3290 3272 3274
3290 3289 3272
3291 3275 3277
3282 3279 3276
3584 3278 3281
3330 3291 3277
3584 3331 3278
3647 3280 3284
3645 3583 3280
3647 3645 3280
3580 3283 3287
3647 3284 3581
3580 3287 3538
3354 3291 3330
3297 3294 3292
3412 3293 3295
3300 3297 3292
3383 3300 3292
3383 3292 3348
3425 3296 3298
3414 3412 3295
3418 3416 3296
3427 3299 3301
3392 3302 3300
3626 3301 3304
3379 3376 3300
3392 3300 3376
3381 3379 3300
3383 3381 3300
3626 3427 3301
3345 3305 3302
3623 3303 3306
3348 3345 3302
3390 3348 3302
3392 3390 3302
3626 3304 3624
3345 3307 3305
3621 3306 3308
3623 3306 3621
3343 3309 3307
3619 3308 3310
3345 3343 3307
3621 3308 3619
3343 3311 3309
3617 3310 3312
3619 3310 3617
3341 3313 3311
3615 3312 3314
3343 3341 3311
3617 3312 3615
3408 3315 3313
3611 3314 3316
3341 3339 3313
3399 3313 3339
3397 3394 3313
3410 3313 3394
3399 3397 3313
3410 3408 3313
3613 3314 3611
3615 3314 3613
3408 3317 3315
3607 3316 3318
3609 3316 3607
3611 3316 3609
3339 3319 3317
3603 3318 3320
3399 3339 3317
3401 3399 3317
3403 3401 3317
3406 3403 3317
3408 3406 3317
3605 3318 3603
3607 3318 3605
3337 3321 3319
3599 3320 3322
3339 3337 3319
3601 3320 3599
3603 3320 3601
3332 3323 3321
3595 3322 3324
3335 3332 3321
3337 3335 3321
3597 3322 3595
3599 3322 3597
3356 3325 3323
3591 3324 3326
3356 3323 3332
3593 3324 3591
3595 3324 3593
3356 3327 3325
3589 3326 3329
3591 3326 3589
3365 3330 3327
3586 3328 3331
3372 3327 3356
3367 3365 3327
3370 3367 3327
3372 3370 3327
3589 3329 3587
3363 3354 3330
3365 3363 3330
3586 3331 3584
4177 3334 3336
4179 3357 3333
4179 3333 4176
4174 3336 3338
4177 3336 4174
4172 3338 3340
4174 3338 4172
4170 3340 3342
4172 3340 4170
4168 3342 3344
4170 3342 4168
4166 3344 3347
4168 3344 4166
4163 3346 3349
4166 3347 4164
4186 3349 3351
3385 3383 3348
3388 3385 3348
3390 3388 3348
4188 4163 3349
4188 3349 4186
4148 3351 3353
4186 3351 4148
4211 3353 3355
4145 3353 4142
4211 4142 3353
4148 3353 4145
3374 3356 3354
4181 3355 3357
3361 3358 3354
3374 3354 3358
3363 3361 3354
4183 3355 4181
4211 3355 4183
3374 3372 3356
4181 3357 4179
4648 3360 3362
4645 3375 3359
4647 4645 3359
4652 3362 3364
4650 4648 3362
4652 4650 3362
4654 3364 3366
4654 4652 3364
4654 3366 3369
4638 3368 3371
4654 3369 4639
4643 3371 3373
4641 4638 3371
4643 4641 3371
4645 3373 3375
4645 4643 3373
4666 3378 3380
4663 3393 3377
4665 4663 3377
4670 3380 3382
4668 4666 3380
4670 4668 3380
4672 3382 3384
4672 4670 3382
4672 3384 3387
4656 3386 3389
4672 3387 4657
4661 3389 3391
4659 4656 3389
4661 4659 3389
4663 3391 3393
4663 4661 3391
4684 3396 3398
4681 3411 3395
4683 4681 3395
4688 3398 3400
4686 4684 3398
4688 4686 3398
4690 3400 3402
4690 4688 3400
4690 3402 3405
4674 3404 3407
4690 3405 4675
4679 3407 3409
4677 4674 3407
4679 4677 3407
4681 3409 3411
4681 4679 3409
3451 3421 3424
3454 3421 3451
3627 3423 3426
3628 3451 3424
3653 3426 3625
3653 3627 3426
3508 3430 3432
3522 3459 3430
3524 3430 3508
3524 3522 3430
3511 3432 3434
3511 3508 3432
3506 3434 3437
3513 3434 3506
3513 3511 3434
3453 3438 3435
3490 3436 3439
3506 3437 3491
3450 3440 3438
3493 3439 3441
3453 3450 3438
3493 3490 3439
3445 3442 3440
3495 3441 3444
3448 3445 3440
3450 3448 3440
3495 3493 3441
3486 3443 3446
3488 3443 3486
3497 3444 3489
3497 3495 3444
3631 3447 3449
3631 3487 3447
3631 3449 3452
3631 3452 3629
3481 3458 3455
3500 3457 3459
3483 3481 3455
3488 3483 3455
3497 3489 3456
3499 3497 3456
3502 3500 3459
3522 3502 3459
3565 3462 3464
3562 3536 3462
3565 3562 3462
3560 3464 3467
3567 3464 3560
3567 3565 3464
3478 3468 3465
3544 3466 3469
3481 3478 3465
3560 3467 3545
3473 3470 3468
3547 3469 3472
3476 3473 3468
3478 3476 3468
3547 3544 3469
3542 3471 3474
3539 3526 3471
3549 3472 3527
3542 3539 3471
3549 3547 3472
3641 3475 3477
3582 3543 3475
3641 3582 3475
3641 3477 3480
3638 3479 3482
3641 3480 3639
3636 3482 3485
3638 3482 3636
3488 3486 3483
3633 3484 3487
3636 3485 3634
3633 3487 3631
3507 3492 3494
3507 3494 3496
3505 3496 3498
3507 3496 3505
3503 3498 3501
3505 3498 3503
3520 3504 3502
3522 3520 3502
3515 3506 3504
3517 3515 3504
3520 3517 3504
3515 3513 3506
3537 3528 3526
3551 3527 3529
3539 3537 3526
3551 3549 3527
3537 3530 3528
3551 3529 3531
3554 3532 3534
3553 3551 3531
3576 3534 3536
3556 3554 3534
3576 3556 3534
3578 3536 3562
3578 3576 3536
3580 3538 3540
3582 3541 3543
3561 3546 3548
3561 3548 3550
3559 3550 3552
3561 3550 3559
3557 3552 3555
3559 3552 3557
3574 3558 3556
3576 3574 3556
3569 3560 3558
3571 3569 3558
3574 3571 3558
3569 3567 3560
3647 3581 3640
3645 3585 3583
3642 3588 3585
3645 3642 3585
3642 3590 3588
3670 3592 3590
3670 3590 3642
3670 3594 3592
3670 3596 3594
3668 3598 3596
3670 3668 3596
3666 3600 3598
3668 3666 3598
3666 3602 3600
3606 3604 3602
3664 3606 3602
3666 3664 3602
3664 3608 3606
3662 3610 3608
3664 3662 3608
3662 3612 3610
3660 3614 3612
3662 3660 3612
3660 3616 3614
3657 3618 3616
3660 3657 3616
3655 3620 3618
3657 3655 3618
3655 3622 3620
3655 3625 3622
3655 3653 3625
3653 3630 3627
3651 3632 3630
3653 3651 3630
3651 3635 3632
3649 3637 3635
3651 3649 3635
3647 3640 3637
3649 3647 3637
3688 3644 3646
3685 3671 3643
3687 3685 3643
3692 3646 3648
3690 3688 3646
3692 3690 3646
3694 3648 3650
3694 3692 3648
3696 3650 3652
3696 3694 3650
3698 3652 3654
3698 3696 3652
3700 3654 3656
3700 3698 3654
3700 3656 3659
3672 3658 3661
3700 3659 3673
3677 3661 3663
3675 3672 3661
3677 3675 3661
3679 3663 3665
3679 3677 3663
3681 3665 3667
3681 3679 3665
3683 3667 3669
3683 3681 3667
3685 3669 3671
3685 3683 3669
3727 3674 3676
3727 3701 3674
3732 3676 3678
3730 3727 3676
3732 3730 3676
3736 3678 3680
3734 3732 3678
3736 3734 3678
3740 3680 3682
3738 3736 3680
3740 3738 3680
3742 3682 3684
3742 3740 3682
3746 3684 3686
3744 3742 3684
3746 3744 3684
3702 3686 3689
3750 3686 3702
3748 3746 3686
3750 3748 3686
3702 3689 3691
3707 3691 3693
3705 3702 3691
3707 3705 3691
3711 3693 3695
3709 3707 3693
3711 3709 3693
3715 3695 3697
3713 3711 3695
3715 3713 3695
3717 3697 3699
3717 3715 3697
3721 3699 3701
3719 3717 3699
3721 3719 3699
3723 3721 3701
3725 3723 3701
3727 3725 3701
3779 3704 3706
3775 3751 3703
3777 3775 3703
3799 3706 3708
3801 3779 3706
3801 3706 3799
3797 3708 3710
3799 3708 3797
3795 3710 3712
3797 3710 3795
3793 3712 3714
3795 3712 3793
3791 3714 3716
3793 3714 3791
3789 3716 3718
3791 3716 3789
3787 3718 3720
3789 3718 3787
3785 3720 3722
3787 3720 3785
3783 3722 3724
3785 3722 3783
3781 3724 3726
3783 3724 3781
3781 3726 3729
3752 3728 3731
3781 3729 3754
3757 3731 3733
3755 3752 3731
3757 3755 3731
3759 3733 3735
3759 3757 3733
3761 3735 3737
3761 3759 3735
3763 3737 3739
3763 3761 3737
3765 3739 3741
3765 3763 3739
3767 3741 3743
3767 3765 3741
3769 3743 3745
3769 3767 3743
3771 3745 3747
3771 3769 3745
3773 3747 3749
3773 3771 3747
3775 3749 3751
3775 3773 3749
3826 3753 3756
3850 3780 3753
3850 3753 3826
3829 3756 3758
3829 3826 3756
3831 3758 3760
3831 3829 3758
3833 3760 3762
3833 3831 3760
3770 3762 3764
3772 3762 3770
3833 3762 3772
3768 3764 3766
3770 3764 3768
3835 3772 3774
3835 3833 3772
3837 3774 3776
3837 3835 3774
3837 3776 3778
3839 3778 3800
3839 3837 3778
3850 3782 3780
3848 3784 3782
3850 3848 3782
3822 3786 3784
3852 3822 3784
3848 3846 3784
3861 3784 3846
3855 3852 3784
3857 3855 3784
3859 3857 3784
3861 3859 3784
3817 3788 3786
3820 3817 3786
3822 3820 3786
3792 3790 3788
3817 3792 3788
3812 3794 3792
3814 3812 3792
3817 3814 3792
3884 3796 3794
3812 3810 3794
3870 3794 3810
3886 3794 3870
3886 3884 3794
3844 3798 3796
3846 3844 3796
3879 3846 3796
3882 3879 3796
3884 3882 3796
3842 3800 3798
3844 3842 3798
3842 3839 3800
3866 3805 3802
3905 3804 3807
3868 3802 3824
3901 3825 3803
3868 3866 3802
3903 3901 3803
3875 3808 3805
3961 3806 3809
3877 3805 3866
3877 3875 3805
3962 3905 3807
3873 3810 3808
4591 3809 3811
3875 3873 3808
3961 3809 3959
4591 3959 3809
3980 3811 3813
3873 3870 3810
3982 3811 3980
4594 3811 3982
4594 4591 3811
3978 3813 3816
3980 3813 3978
4582 3815 3819
4585 3978 3816
4585 3816 4583
3906 3818 3821
4582 3819 3908
3914 3821 3823
3909 3906 3821
3911 3909 3821
3914 3911 3821
3852 3824 3822
3888 3823 3825
3914 3823 3888
3868 3824 3852
3916 3888 3825
3921 3825 3901
3918 3916 3825
3921 3918 3825
4450 3827 3830
4453 3851 3828
4453 3828 4451
4474 3830 3832
4474 4450 3830
4472 3832 3834
4474 3832 4472
4470 3834 3836
4472 3834 4470
4468 3836 3838
4470 3836 4468
4466 3838 3840
4468 3838 4466
4464 3841 3843
4466 3840 4463
4461 3843 3845
4464 3843 4461
4459 3845 3847
4461 3845 4459
4457 3847 3849
3879 3861 3846
4459 3847 4457
4455 3849 3851
4457 3849 4455
4455 3851 4453
4612 3854 3856
4609 3869 3853
4611 4609 3853
4614 3856 3858
4614 4612 3856
4616 3858 3860
4616 4614 3858
4618 3860 3863
4618 4616 3860
3877 3864 3861
4602 3862 3865
3879 3877 3861
4618 3863 4603
3877 3866 3864
4605 3865 3867
4605 4602 3865
4607 3867 3869
4607 4605 3867
4609 4607 3869
4630 3872 3874
4627 3887 3871
4629 4627 3871
4632 3874 3876
4632 4630 3874
4634 3876 3878
4634 4632 3876
4636 3878 3881
4636 4634 3878
4620 3880 3883
4636 3881 4621
4623 3883 3885
4623 4620 3883
4625 3885 3887
4625 4623 3885
4627 4625 3887
3897 3892 3888
3941 3891 3893
3899 3897 3888
3924 3899 3888
3939 3915 3891
3930 3890 3917
3926 3925 3890
3928 3926 3890
3930 3928 3890
3941 3939 3891
3897 3894 3892
3943 3893 3895
3943 3941 3893
3902 3896 3898
3904 3896 3902
3946 3896 3904
3945 3943 3895
3902 3898 3900
3921 3901 3899
3924 3921 3899
3960 3946 3904
3974 3907 3910
4581 3907 3974
3974 3910 3913
3932 3912 3915
3974 3913 3935
3936 3932 3915
3939 3936 3915
3930 3917 3919
3931 3920 3923
3926 3922 3925
3929 3923 3927
3931 3923 3929
4118 3933 3938
4571 3973 3934
4577 3933 4118
4569 3934 4567
4575 4567 3934
4571 3934 4569
4580 4575 3934
4580 3934 4578
4050 3937 3940
4050 4017 3937
4116 3937 4017
4055 3940 3942
4053 4050 3940
4055 4053 3940
4057 3942 3944
4057 4055 3942
4041 3944 3947
4057 3944 4041
3951 3948 3946
4104 3947 3950
3960 3951 3946
4041 3947 4019
4104 4019 3947
3985 3949 3952
3985 3963 3949
4059 3950 3964
4107 3950 4059
4107 4104 3950
3958 3954 3951
3986 3953 3955
3960 3958 3951
3958 3956 3954
3986 3955 3957
3982 3957 3959
3986 3957 3982
4586 3982 3959
4588 4586 3959
4591 4588 3959
3981 3965 3963
4064 3964 3966
3985 3981 3963
4062 4059 3964
4064 4062 3964
3979 3967 3965
4066 3966 3968
3981 3979 3965
4066 4064 3966
3972 3969 3967
4068 3968 3970
3976 3972 3967
3979 3976 3967
4068 4066 3968
4572 3971 3975
4113 4068 3970
4572 4115 3971
4584 3974 3977
4584 4581 3974
4600 3984 4587
4596 4595 3984
4598 4596 3984
4600 4598 3984
4037 3990 3987
4082 3987 4017
4077 4037 3987
4080 4077 3987
4082 4080 3987
4035 3993 3990
4037 4035 3990
4030 3995 3993
4033 4030 3993
4035 4033 3993
3999 3997 3995
4030 3999 3995
4028 4001 3999
4030 4028 3999
4026 4003 4001
4028 4026 4001
4024 4006 4003
4026 4024 4003
4073 4009 4006
4095 4006 4024
4075 4006 4059
4107 4059 4006
4075 4073 4006
4111 4006 4095
4109 4107 4006
4111 4109 4006
4124 4011 4009
4073 4071 4009
4113 4009 4071
4127 4009 4113
4127 4124 4009
4015 4013 4011
4124 4015 4011
4119 4017 4015
4121 4119 4015
4124 4121 4015
4048 4046 4017
4086 4017 4046
4050 4048 4017
4084 4082 4017
4086 4084 4017
4119 4116 4017
4098 4022 4019
4140 4021 4023
4089 4019 4039
4136 4040 4020
4086 4041 4019
4089 4086 4019
4100 4098 4019
4102 4100 4019
4104 4102 4019
4138 4136 4020
4095 4024 4022
4159 4023 4025
4098 4095 4022
4161 4140 4023
4161 4023 4159
4155 4025 4027
4157 4025 4155
4159 4025 4157
4153 4027 4029
4155 4027 4153
4212 4029 4032
4184 4153 4029
4212 4184 4029
4141 4031 4034
4212 4032 4143
4146 4034 4036
4144 4141 4034
4146 4144 4034
4132 4036 4038
4132 4129 4036
4146 4036 4129
4077 4039 4037
4134 4038 4040
4134 4132 4038
4093 4039 4077
4091 4089 4039
4093 4091 4039
4136 4134 4040
4086 4044 4041
4503 4043 4045
4500 4058 4042
4502 4500 4042
4086 4046 4044
4505 4045 4047
4505 4503 4045
4507 4047 4049
4507 4505 4047
4509 4049 4052
4509 4507 4049
4493 4051 4054
4509 4052 4494
4496 4054 4056
4496 4493 4054
4498 4056 4058
4498 4496 4056
4500 4498 4058
4521 4061 4063
4518 4076 4060
4520 4518 4060
4523 4063 4065
4523 4521 4063
4525 4065 4067
4525 4523 4065
4527 4067 4070
4527 4525 4067
4113 4071 4068
4511 4069 4072
4527 4070 4512
4514 4072 4074
4514 4511 4072
4516 4074 4076
4516 4514 4074
4518 4516 4076
4539 4079 4081
4536 4094 4078
4538 4536 4078
4541 4081 4083
4541 4539 4081
4543 4083 4085
4543 4541 4083
4545 4085 4088
4545 4543 4085
4529 4087 4090
4545 4088 4530
4532 4090 4092
4532 4529 4090
4534 4092 4094
4534 4532 4092
4536 4534 4094
4557 4097 4099
4554 4112 4096
4556 4554 4096
4559 4099 4101
4559 4557 4099
4561 4101 4103
4561 4559 4101
4563 4103 4106
4563 4561 4103
4547 4105 4108
4563 4106 4548
4550 4108 4110
4550 4547 4108
4552 4110 4112
4552 4550 4110
4554 4552 4112
4568 4128 4114
4570 4568 4114
4576 4117 4120
4579 4120 4123
4579 4576 4120
4573 4122 4126
4579 4123 4574
4565 4125 4128
4573 4126 4566
4568 4565 4128
4135 4130 4133
4137 4130 4135
4139 4130 4137
4160 4130 4139
4192 4147 4131
4158 4149 4130
4194 4131 4150
4160 4158 4130
4194 4192 4131
4189 4185 4147
4192 4189 4147
4156 4152 4149
4184 4151 4153
4158 4156 4149
4182 4180 4150
4198 4150 4180
4196 4194 4150
4198 4196 4150
4156 4154 4152
4187 4165 4162
4209 4167 4165
4187 4185 4165
4189 4165 4185
4209 4165 4189
4207 4169 4167
4209 4207 4167
4205 4171 4169
4207 4205 4169
4200 4173 4171
4203 4200 4171
4205 4203 4171
4178 4175 4173
4180 4178 4173
4200 4180 4173
4200 4198 4180
4225 4191 4193
4222 4210 4190
4224 4222 4190
4227 4193 4195
4227 4225 4193
4229 4195 4197
4229 4227 4195
4231 4197 4199
4231 4229 4197
4233 4199 4202
4233 4231 4199
4213 4201 4204
4233 4202 4214
4216 4204 4206
4216 4213 4204
4218 4206 4208
4218 4216 4206
4220 4208 4210
4220 4218 4208
4222 4220 4210
4235 4215 4217
4255 4234 4215
4255 4215 4235
4240 4217 4219
4238 4235 4217
4240 4238 4217
4242 4219 4221
4242 4240 4219
4242 4221 4223
4244 4223 4226
4244 4242 4223
4246 4226 4228
4246 4244 4226
4251 4228 4230
4249 4246 4228
4251 4249 4228
4253 4230 4232
4253 4251 4230
4253 4232 4234
4255 4253 4234
4270 4237 4239
4266 4256 4236
4268 4266 4236
4304 4239 4241
4304 4270 4239
4302 4241 4243
4304 4241 4302
4300 4243 4245
4302 4243 4300
4298 4245 4248
4300 4245 4298
4257 4247 4250
4298 4248 4259
4260 4250 4252
4260 4257 4250
4262 4252 4254
4262 4260 4252
4264 4254 4256
4264 4262 4254
4266 4264 4256
4287 4258 4261
4287 4282 4258
4297 4258 4282
4289 4261 4263
4289 4287 4261
4291 4263 4265
4291 4289 4263
4293 4265 4267
4293 4291 4265
4295 4267 4269
4295 4293 4267
4295 4269 4274
4303 4274 4269
4295 4274 4271
4320 4273 4275
4316 4296 4272
4318 4316 4272
4303 4276 4274
4356 4275 4277
4356 4320 4275
4301 4278 4276
4354 4277 4279
4303 4301 4276
4356 4277 4354
4299 4280 4278
4352 4279 4281
4301 4299 4278
4354 4279 4352
4297 4282 4280
4350 4281 4283
4299 4297 4280
4352 4281 4350
4287 4284 4282
4348 4283 4286
4350 4283 4348
4305 4285 4288
4348 4286 4307
4308 4288 4290
4308 4305 4288
4310 4290 4292
4310 4308 4290
4312 4292 4294
4312 4310 4292
4314 4294 4296
4314 4312 4294
4316 4314 4296
4337 4306 4309
4334 4332 4306
4347 4306 4332
4337 4334 4306
4339 4309 4311
4339 4337 4309
4341 4311 4313
4341 4339 4311
4341 4313 4315
4343 4315 4317
4343 4341 4315
4345 4317 4319
4345 4343 4317
4324 4321 4319
4345 4319 4321
4355 4324 4319
4372 4323 4325
4368 4346 4322
4370 4368 4322
4355 4326 4324
4382 4325 4327
4382 4372 4325
4353 4328 4326
4380 4327 4329
4355 4353 4326
4382 4327 4380
4349 4330 4328
4378 4329 4331
4351 4349 4328
4353 4351 4328
4380 4329 4378
4347 4332 4330
4376 4331 4333
4349 4347 4330
4378 4331 4376
4374 4333 4336
4376 4333 4374
4357 4335 4338
4374 4336 4359
4360 4338 4340
4360 4357 4338
4362 4340 4342
4362 4360 4340
4364 4342 4344
4364 4362 4342
4366 4344 4346
4366 4364 4344
4368 4366 4346
4386 4358 4361
4423 4373 4358
4386 4383 4358
4423 4358 4383
4388 4361 4363
4388 4386 4361
4392 4363 4365
4390 4388 4363
4392 4390 4363
4396 4365 4367
4394 4392 4365
4396 4394 4365
4398 4367 4369
4398 4396 4367
4402 4369 4371
4400 4398 4369
4402 4400 4369
4407 4371 4381
4404 4402 4371
4407 4404 4371
4419 4375 4373
4421 4419 4373
4423 4421 4373
4417 4377 4375
4419 4417 4375
4413 4379 4377
4415 4413 4377
4417 4415 4377
4409 4381 4379
4411 4409 4379
4413 4411 4379
4409 4407 4381
4448 4385 4387
4444 4424 4384
4446 4444 4384
4490 4387 4389
4492 4448 4387
4492 4387 4490
4490 4389 4391
4488 4391 4393
4490 4391 4488
4486 4393 4395
4488 4393 4486
4484 4395 4397
4486 4395 4484
4482 4397 4399
4484 4397 4482
4480 4399 4401
4482 4399 4480
4476 4401 4403
4478 4401 4476
4480 4401 4478
4476 4403 4406
4425 4405 4408
4476 4406 4427
4430 4408 4410
4428 4425 4408
4430 4428 4408
4430 4410 4412
4432 4412 4414
4432 4430 4412
4434 4414 4416
4434 4432 4414
4436 4416 4418
4436 4434 4416
4438 4418 4420
4438 4436 4418
4440 4420 4422
4440 4438 4420
4444 4422 4424
4442 4440 4422
4444 4442 4422
4462 4426 4429
4475 4426 4462
4465 4429 4431
4465 4462 4429
4465 4431 4433
4467 4433 4435
4467 4465 4433
4469 4435 4437
4469 4467 4435
4469 4437 4439
4471 4439 4441
4471 4469 4439
4471 4441 4443
4473 4443 4445
4473 4471 4443
4449 4445 4447
4473 4445 4449
4491 4449 4447
4491 4452 4449
4487 4454 4452
4489 4487 4452
4491 4489 4452
4485 4456 4454
4487 4485 4454
4481 4458 4456
4483 4481 4456
4485 4483 4456
4477 4460 4458
4479 4477 4458
4481 4479 4458
4475 4462 4460
4477 4475 4460
4510 4495 4497
4508 4497 4499
4510 4497 4508
4506 4499 4501
4508 4499 4506
4506 4501 4504
4528 4513 4515
4526 4515 4517
4528 4515 4526
4524 4517 4519
4526 4517 4524
4524 4519 4522
4546 4531 4533
4544 4533 4535
4546 4533 4544
4542 4535 4537
4544 4535 4542
4542 4537 4540
4564 4549 4551
4562 4551 4553
4564 4551 4562
4560 4553 4555
4562 4553 4560
4560 4555 4558
4600 4587 4589
4601 4590 4593
4596 4592 4595
4599 4593 4597
4601 4593 4599
4619 4604 4606
4617 4606 4608
4619 4606 4617
4615 4608 4610
4617 4608 4615
4615 4610 4613
4637 4622 4624
4635 4624 4626
4637 4624 4635
4633 4626 4628
4635 4626 4633
4633 4628 4631
4649 4640 4642
4651 4640 4649
4655 4640 4651
4646 4642 4644
4649 4642 4646
4655 4651 4653
4667 4658 4660
4669 4658 4667
4673 4658 4669
4664 4660 4662
4667 4660 4664
4673 4669 4671
4685 4676 4678
4687 4676 4685
4691 4676 4687
4682 4678 4680
4685 4678 4682
4691 4687 4689
4716 4695 4692
4759 4694 4696
4755 4717 4693
4757 4755 4693
4736 4697 4695
4767 4696 4698
4738 4695 4716
4738 4736 4695
4769 4759 4696
4769 4696 4767
4731 4699 4697
4765 4698 4700
4734 4731 4697
4736 4734 4697
4767 4698 4765
4729 4701 4699
4763 4700 4702
4731 4729 4699
4765 4700 4763
4727 4703 4701
4761 4702 4704
4729 4727 4701
4763 4702 4761
4708 4705 4703
4761 4704 4707
4725 4708 4703
4727 4725 4703
4744 4706 4709
4761 4707 4746
4723 4710 4708
4749 4709 4711
4725 4723 4708
4747 4744 4709
4749 4747 4709
4718 4712 4710
4751 4711 4713
4721 4718 4710
4723 4721 4710
4751 4749 4711
4742 4714 4712
4753 4713 4715
4742 4712 4718
4753 4751 4713
4740 4716 4714
4755 4715 4717
4742 4740 4714
4755 4753 4715
4740 4738 4716
5186 4720 4722
5183 4743 4719
5185 5183 4719
5190 4722 4724
5188 5186 4722
5190 5188 4722
5192 4724 4726
5192 5190 4724
5194 4726 4728
5194 5192 4726
5196 4728 4730
5196 5194 4728
5196 4730 4733
5172 4732 4735
5196 4733 5173
5177 4735 4737
5175 5172 4735
5177 5175 4735
5179 4737 4739
5179 5177 4737
5181 4739 4741
5181 5179 4739
5183 4741 4743
5183 5181 4741
4783 4745 4748
4783 4760 4745
4786 4748 4750
4786 4783 4748
4788 4750 4752
4788 4786 4750
4790 4752 4754
4790 4788 4752
4794 4754 4756
4792 4790 4754
4794 4792 4754
4770 4756 4758
4794 4756 4770
4770 4758 4768
4781 4762 4760
4783 4781 4760
4777 4764 4762
4779 4777 4762
4781 4779 4762
4775 4766 4764
4777 4775 4764
4773 4768 4766
4775 4773 4766
4773 4770 4768
4811 4772 4774
4807 4795 4771
4809 4807 4771
4851 4774 4776
4853 4811 4774
4853 4774 4851
4849 4776 4778
4851 4776 4849
4847 4778 4780
4849 4778 4847
4845 4780 4782
4847 4780 4845
4845 4782 4785
4796 4784 4787
4845 4785 4798
4801 4787 4789
4799 4796 4787
4801 4799 4787
4803 4789 4791
4803 4801 4789
4805 4791 4793
4805 4803 4791
4807 4793 4795
4807 4805 4793
4888 4797 4800
4844 4797 4834
4886 4834 4797
4888 4886 4797
4842 4800 4802
4842 4840 4800
4872 4800 4840
4888 4800 4872
4842 4802 4804
4812 4804 4806
4842 4804 4812
4815 4806 4808
4815 4812 4806
4899 4808 4810
4899 4815 4808
4825 4823 4810
4906 4810 4823
4852 4825 4810
4902 4899 4810
4904 4902 4810
4906 4904 4810
4919 4814 4816
4915 4843 4813
4917 4915 4813
4897 4817 4815
4978 4816 4818
4899 4897 4815
4980 4919 4816
4980 4816 4978
4893 4819 4817
5110 4818 4820
4895 4893 4817
4897 4895 4817
4978 4818 4976
5110 4976 4818
4823 4821 4819
5118 4820 4822
4890 4823 4819
4893 4890 4819
5113 5110 4820
5115 5113 4820
5118 5115 4820
5121 4822 4824
5121 5118 4822
5125 4824 4826
4906 4823 4890
5123 5121 4824
5125 5123 4824
4852 4827 4825
5129 4826 4828
5127 5125 4826
5129 5127 4826
4870 4829 4827
5133 4828 4831
4852 4850 4827
4854 4827 4850
4870 4827 4854
5131 5129 4828
5133 5131 4828
4846 4832 4829
4920 4830 4833
4866 4846 4829
4868 4866 4829
4870 4868 4829
5079 4831 4922
5081 4831 5079
5133 4831 5081
4844 4834 4832
4933 4833 4835
4846 4844 4832
4923 4920 4833
4925 4923 4833
4928 4925 4833
4931 4928 4833
4933 4931 4833
4881 4836 4834
4937 4835 4837
4884 4881 4834
4886 4884 4834
4935 4933 4835
4937 4935 4835
4881 4838 4836
4941 4837 4839
4939 4937 4837
4941 4939 4837
4881 4840 4838
4948 4839 4841
4943 4941 4839
4948 4943 4839
4911 4841 4843
4875 4872 4840
4877 4875 4840
4879 4877 4840
4881 4879 4840
4911 4908 4841
4953 4841 4908
4951 4948 4841
4953 4951 4841
4913 4911 4843
4915 4913 4843
4861 4848 4846
4863 4861 4846
4866 4863 4846
4857 4850 4848
4859 4857 4848
4861 4859 4848
4857 4854 4850
5093 4855 4858
5096 4871 4856
5096 4856 5094
5109 4858 4860
5109 5093 4858
5107 4860 4862
5109 4860 5107
5105 4862 4864
5107 4862 5105
5103 4865 4867
5105 4864 5102
5100 4867 4869
5103 4867 5100
5098 4869 4871
5100 4869 5098
5098 4871 5096
5054 4873 4876
5057 4889 4874
5057 4874 5055
5070 4876 4878
5070 5054 4876
5068 4878 4880
5070 4878 5068
5066 4880 4882
5068 4880 5066
5064 4883 4885
5066 4882 5063
5061 4885 4887
5064 4885 5061
5059 4887 4889
5061 4887 5059
5059 4889 5057
5155 4891 4894
5158 4907 4892
5158 4892 5156
5171 4894 4896
5171 5155 4894
5169 4896 4898
5171 4896 5169
5167 4898 4900
5169 4898 5167
5165 4901 4903
5167 4900 5164
5162 4903 4905
5165 4903 5162
5160 4905 4907
5162 4905 5160
5160 4907 5158
4956 4909 4912
4957 4954 4910
4958 4912 4914
4958 4956 4912
4961 4914 4916
4961 4958 4914
4961 4916 4918
4963 4961 4918
4979 4963 4918
5099 4921 4924
5097 5078 4921
5099 5097 4921
5101 4924 4927
5101 5099 4924
5074 4926 4930
5009 4926 5007
5074 5007 4926
5075 4926 5009
5090 4927 5076
5101 4927 5090
5073 4929 4932
5006 4932 4934
5073 4932 5006
5004 4934 4936
5006 4934 5004
5004 4936 4938
5002 4938 4940
5004 4938 5002
5000 4940 4942
5002 4940 5000
5000 4942 4944
4948 4945 4943
4944 4947 5072
5000 4944 4998
5052 4946 4950
5072 4998 4944
5071 4946 5052
5062 4949 4952
5060 5051 4949
5062 5060 4949
5067 4952 4955
5065 5062 4952
5067 5065 4952
4959 4954 4957
4981 4954 4959
4984 4954 4981
5067 4955 4986
4982 4960 4962
5008 4962 4964
4987 4982 4962
4989 4987 4962
5003 4989 4962
5008 5003 4962
4979 4965 4963
5015 4964 4966
5011 5008 4964
5013 5011 4964
5015 5013 4964
4975 4967 4965
5041 4966 4968
4977 4975 4965
4979 4977 4965
5017 5015 4966
5020 5017 4966
5023 5020 4966
5037 5023 4966
5039 5037 4966
5041 5039 4966
4970 4967 4975
5138 4969 4971
4975 4972 4970
5138 5042 4969
5138 4971 4974
5110 4973 4976
5138 4974 5111
4988 4985 4983
5044 4985 4988
5069 4986 5045
5069 5067 4986
5044 4988 4990
5001 4991 4989
5046 4990 4992
5003 5001 4989
5046 5044 4990
5001 4993 4991
5048 4992 4994
5048 5046 4992
4999 4996 4993
5052 4995 4997
5001 4999 4993
5050 5048 4994
5071 5052 4997
5008 5005 5003
5077 5010 5012
5091 5012 5014
5091 5077 5012
5089 5014 5016
5091 5014 5089
5087 5016 5019
5089 5016 5087
5084 5018 5022
5087 5019 5085
5134 5021 5024
5153 5084 5022
5134 5136 5152
5152 5021 5134
5035 5025 5023
5130 5024 5026
5037 5035 5023
5132 5024 5130
5134 5024 5132
5029 5027 5025
5128 5026 5028
5032 5029 5025
5035 5032 5025
5130 5026 5128
5124 5028 5031
5126 5028 5124
5128 5028 5126
5116 5030 5034
5150 5030 5116
5124 5031 5122
5151 5122 5031
5141 5033 5036
5142 5116 5034
5144 5036 5038
5144 5141 5036
5146 5038 5040
5146 5144 5038
5148 5040 5043
5148 5146 5040
5148 5043 5139
5069 5045 5047
5053 5047 5049
5069 5047 5053
5058 5049 5051
5056 5053 5049
5058 5056 5049
5060 5058 5051
5083 5080 5078
5086 5083 5078
5092 5086 5078
5095 5092 5078
5097 5095 5078
5137 5082 5084
5135 5133 5081
5153 5137 5084
5092 5088 5086
5106 5090 5088
5108 5088 5092
5108 5106 5088
5104 5101 5090
5106 5104 5090
5140 5112 5114
5154 5114 5117
5170 5140 5114
5170 5114 5154
5150 5116 5119
5159 5117 5143
5157 5154 5117
5159 5157 5117
5151 5120 5122
5168 5149 5140
5170 5168 5140
5159 5143 5145
5161 5145 5147
5161 5159 5145
5163 5147 5149
5163 5161 5147
5166 5163 5149
5168 5166 5149
5226 5174 5176
5220 5197 5174
5222 5220 5174
5224 5222 5174
5226 5224 5174
5230 5176 5178
5228 5226 5176
5230 5228 5176
5182 5178 5180
5184 5178 5182
5198 5178 5184
5230 5178 5198
5203 5184 5187
5201 5198 5184
5203 5201 5184
5209 5187 5189
5205 5203 5187
5207 5205 5187
5209 5207 5187
5213 5189 5191
5211 5209 5189
5213 5211 5189
5195 5191 5193
5197 5191 5195
5215 5191 5197
5215 5213 5191
5218 5215 5197
5220 5218 5197
5250 5200 5202
5247 5231 5199
5249 5247 5199
5254 5202 5204
5252 5250 5202
5254 5252 5202
5254 5204 5206
5256 5206 5208
5256 5254 5206
5258 5208 5210
5258 5256 5208
5260 5210 5212
5260 5258 5210
5264 5212 5214
5262 5260 5212
5264 5262 5212
5264 5214 5217
5232 5216 5219
5264 5217 5233
5237 5219 5221
5235 5232 5219
5237 5235 5219
5237 5221 5223
5239 5223 5225
5239 5237 5223
5241 5225 5227
5241 5239 5225
5243 5227 5229
5243 5241 5227
5247 5229 5231
5245 5243 5229
5247 5245 5229
5265 5234 5236
5265 5236 5238
5263 5238 5240
5265 5238 5263
5259 5240 5242
5261 5240 5259
5263 5240 5261
5257 5242 5244
5259 5242 5257
5257 5244 5246
5255 5246 5248
5257 5246 5255
5253 5248 5251
5255 5248 5253
5312 5269 5266
5332 5268 5270
5312 5266 5290
5329 5291 5267
5331 5329 5267
5310 5271 5269
5336 5270 5272
5312 5310 5269
5334 5332 5270
5336 5334 5270
5305 5273 5271
5338 5272 5274
5308 5305 5271
5310 5308 5271
5338 5336 5272
5303 5275 5273
5340 5274 5276
5305 5303 5273
5340 5338 5274
5301 5277 5275
5342 5276 5278
5303 5301 5275
5342 5340 5276
5299 5279 5277
5342 5278 5281
5301 5299 5277
5299 5282 5279
5318 5280 5283
5342 5281 5319
5297 5284 5282
5323 5283 5285
5299 5297 5282
5321 5318 5283
5323 5321 5283
5292 5286 5284
5325 5285 5287
5295 5292 5284
5297 5295 5284
5325 5323 5285
5316 5288 5286
5327 5287 5289
5316 5286 5292
5327 5325 5287
5314 5290 5288
5329 5289 5291
5316 5314 5288
5329 5327 5289
5314 5312 5290
5818 5294 5296
5815 5317 5293
5817 5815 5293
5822 5296 5298
5820 5818 5296
5822 5820 5296
5824 5298 5300
5824 5822 5298
5826 5300 5302
5826 5824 5300
5828 5302 5304
5828 5826 5302
5828 5304 5307
5804 5306 5309
5828 5307 5805
5809 5309 5311
5807 5804 5309
5809 5807 5309
5811 5311 5313
5811 5809 5311
5813 5313 5315
5813 5811 5313
5815 5315 5317
5815 5813 5315
5411 5320 5322
5403 5343 5320
5405 5403 5320
5409 5405 5320
5411 5409 5320
5352 5322 5324
5347 5344 5322
5414 5322 5344
5352 5347 5322
5414 5411 5322
5354 5324 5326
5354 5352 5324
5354 5326 5328
5356 5328 5330
5356 5354 5328
5363 5330 5333
5363 5356 5330
5377 5333 5335
5366 5363 5333
5368 5366 5333
5375 5368 5333
5377 5375 5333
5379 5335 5337
5379 5377 5335
5383 5337 5339
5381 5379 5337
5383 5381 5337
5390 5339 5341
5385 5383 5339
5388 5385 5339
5390 5388 5339
5399 5341 5343
5392 5390 5341
5394 5392 5341
5397 5394 5341
5399 5397 5341
5401 5399 5343
5403 5401 5343
5434 5346 5348
5431 5415 5345
5433 5431 5345
5352 5349 5347
5434 5348 5351
5487 5350 5353
5749 5434 5351
5490 5351 5488
5749 5351 5490
5485 5353 5355
5487 5353 5485
5483 5355 5357
5485 5355 5483
5361 5358 5356
5481 5357 5360
5363 5361 5356
5483 5357 5481
5747 5359 5362
5481 5360 5479
5745 5478 5359
5747 5745 5359
5747 5362 5365
5731 5364 5367
5747 5365 5732
5734 5367 5370
5734 5731 5367
5375 5371 5368
5548 5369 5372
5551 5370 5549
5736 5370 5551
5736 5734 5370
5375 5373 5371
5546 5372 5374
5548 5372 5546
5544 5374 5376
5546 5374 5544
5542 5376 5378
5544 5376 5542
5540 5378 5380
5542 5378 5540
5538 5380 5382
5540 5380 5538
5536 5382 5384
5538 5382 5536
5534 5384 5387
5536 5384 5534
5714 5386 5389
5534 5387 5532
5714 5531 5386
5730 5389 5391
5730 5714 5389
5728 5391 5393
5730 5391 5728
5726 5393 5395
5728 5393 5726
5511 5396 5398
5513 5395 5510
5726 5395 5513
5508 5398 5400
5511 5398 5508
5506 5400 5402
5508 5400 5506
5504 5402 5404
5506 5402 5504
5502 5404 5406
5504 5404 5502
5409 5407 5405
5500 5406 5408
5502 5406 5500
5498 5408 5410
5500 5408 5498
5496 5410 5413
5498 5410 5496
5429 5412 5415
5427 5416 5412
5496 5413 5418
5429 5427 5412
5431 5429 5415
5427 5419 5416
5436 5417 5420
5495 5417 5436
5424 5421 5419
5439 5420 5422
5427 5424 5419
5439 5436 5420
5753 5423 5425
5493 5439 5422
5753 5494 5423
5755 5426 5428
5777 5754 5426
5777 5426 5755
5758 5428 5430
5758 5755 5428
5765 5430 5432
5763 5758 5430
5765 5763 5430
5765 5432 5435
5767 5435 5750
5767 5765 5435
5563 5438 5440
5497 5436 5466
5559 5467 5437
5497 5495 5436
5561 5559 5437
5493 5441 5439
5756 5440 5442
5602 5563 5440
5756 5602 5440
5482 5443 5441
5784 5442 5444
5484 5482 5441
5489 5484 5441
5491 5489 5441
5493 5491 5441
5778 5756 5442
5778 5442 5775
5779 5775 5442
5782 5779 5442
5784 5782 5442
5482 5445 5443
5788 5444 5446
5786 5784 5444
5788 5786 5444
5480 5447 5445
5790 5446 5448
5482 5480 5445
5790 5788 5446
5471 5449 5447
5794 5448 5450
5473 5471 5447
5475 5473 5447
5477 5475 5447
5480 5477 5447
5792 5790 5448
5794 5792 5448
5543 5451 5449
5700 5450 5453
5471 5468 5449
5550 5449 5468
5545 5543 5449
5547 5545 5449
5550 5547 5449
5695 5450 5693
5700 5693 5450
5802 5450 5695
5799 5794 5450
5802 5799 5450
5541 5454 5451
5564 5452 5455
5543 5541 5451
5700 5453 5566
5537 5456 5454
5569 5455 5457
5539 5537 5454
5541 5539 5454
5567 5564 5455
5569 5567 5455
5523 5458 5456
5571 5457 5459
5533 5523 5456
5535 5533 5456
5537 5535 5456
5571 5569 5457
5521 5460 5458
5576 5459 5461
5523 5521 5458
5576 5571 5459
5521 5462 5460
5579 5461 5463
5579 5576 5461
5507 5464 5462
5555 5463 5465
5509 5507 5462
5512 5509 5462
5514 5512 5462
5517 5514 5462
5519 5517 5462
5521 5519 5462
5555 5552 5463
5581 5463 5552
5581 5579 5463
5501 5466 5464
5557 5465 5467
5503 5501 5464
5505 5503 5464
5507 5505 5464
5557 5555 5465
5499 5497 5466
5501 5499 5466
5559 5557 5467
5741 5470 5472
5738 5551 5469
5740 5738 5469
5743 5472 5474
5743 5741 5472
5743 5474 5476
5745 5476 5478
5745 5743 5476
5489 5486 5484
5749 5490 5492
5751 5492 5494
5751 5749 5492
5753 5751 5494
5726 5513 5515
5724 5516 5518
5726 5515 5723
5724 5518 5520
5721 5520 5522
5724 5520 5721
5719 5522 5524
5721 5522 5719
5533 5525 5523
5717 5524 5527
5719 5524 5717
5533 5528 5525
5714 5526 5529
5717 5527 5715
5533 5530 5528
5714 5529 5531
5738 5736 5551
5603 5553 5556
5604 5582 5554
5587 5556 5558
5587 5584 5556
5603 5556 5584
5589 5558 5560
5589 5587 5558
5591 5560 5562
5591 5589 5560
5601 5591 5562
5656 5565 5568
5659 5565 5656
5699 5565 5659
5654 5568 5570
5656 5568 5654
5652 5570 5572
5654 5570 5652
5576 5573 5571
5572 5574 5697
5652 5572 5649
5701 5575 5577
5697 5649 5572
5701 5698 5575
5583 5578 5580
5720 5578 5583
5713 5703 5578
5716 5713 5578
5718 5716 5578
5720 5718 5578
5604 5586 5582
5638 5582 5586
5705 5582 5638
5720 5583 5706
5636 5585 5588
5625 5588 5590
5625 5615 5588
5636 5588 5615
5633 5590 5592
5627 5625 5590
5629 5627 5590
5631 5629 5590
5633 5631 5590
5601 5593 5591
5633 5592 5594
5596 5593 5601
5759 5595 5597
5601 5598 5596
5759 5634 5595
5759 5597 5600
5756 5599 5602
5759 5600 5757
5611 5608 5605
5687 5607 5610
5671 5611 5605
5684 5672 5606
5686 5684 5606
5795 5609 5612
5798 5687 5610
5797 5609 5795
5643 5613 5611
5793 5612 5614
5645 5643 5611
5648 5645 5611
5651 5648 5611
5669 5651 5611
5671 5669 5611
5795 5612 5793
5636 5615 5613
5789 5614 5616
5639 5636 5613
5641 5639 5613
5643 5641 5613
5791 5614 5789
5793 5614 5791
5620 5617 5615
5785 5616 5619
5623 5620 5615
5625 5623 5615
5787 5616 5785
5789 5616 5787
5776 5618 5622
5780 5618 5776
5783 5619 5781
5785 5619 5783
5772 5621 5624
5776 5622 5773
5770 5624 5626
5772 5624 5770
5768 5626 5628
5770 5626 5768
5764 5628 5630
5766 5628 5764
5768 5628 5766
5762 5630 5632
5764 5630 5762
5762 5632 5635
5762 5635 5760
5704 5637 5640
5707 5640 5642
5707 5704 5640
5709 5642 5644
5709 5707 5642
5711 5644 5647
5711 5709 5644
5701 5646 5650
5711 5647 5702
5701 5650 5698
5663 5653 5651
5665 5663 5651
5667 5665 5651
5669 5667 5651
5657 5655 5653
5660 5657 5653
5663 5660 5653
5694 5658 5662
5694 5689 5658
5699 5659 5690
5673 5661 5664
5694 5662 5674
5678 5664 5666
5676 5673 5664
5678 5676 5664
5680 5666 5668
5680 5678 5666
5680 5668 5670
5682 5670 5672
5682 5680 5670
5684 5682 5672
5679 5675 5677
5681 5675 5679
5735 5675 5681
5739 5696 5675
5737 5675 5735
5739 5675 5737
5735 5681 5683
5733 5683 5685
5735 5683 5733
5746 5685 5688
5748 5733 5685
5748 5685 5746
5746 5688 5744
5803 5744 5688
5800 5687 5798
5803 5688 5801
5694 5691 5689
5699 5690 5692
5742 5696 5739
5803 5696 5742
5729 5712 5703
5729 5703 5713
5722 5706 5708
5722 5720 5706
5712 5708 5710
5729 5708 5712
5725 5722 5708
5727 5725 5708
5729 5727 5708
5803 5742 5744
5771 5750 5752
5769 5767 5750
5771 5769 5750
5777 5752 5754
5774 5771 5752
5777 5774 5752
5763 5761 5758
5799 5796 5794
5829 5806 5808
5829 5808 5810
5827 5810 5812
5829 5810 5827
5825 5812 5814
5827 5812 5825
5823 5814 5816
5825 5814 5823
5821 5816 5819
5823 5816 5821

