6 3 0
183 2 5
9 6 0
12 9 0
89 12 0
95 90 1
183 97 2
180 4 8
182 4 180
177 7 11
179 7 177
342 10 13
176 10 173
340 173 10
338 335 10
340 10 335
342 338 10
89 15 12
330 14 18
343 14 330
86 19 15
166 16 22
89 86 15
169 16 166
329 17 170
86 23 19
310 20 26
322 165 21
320 20 310
318 21 316
321 316 21
322 21 318
86 27 23
158 24 30
161 24 158
309 25 162
86 31 27
290 28 34
302 157 29
300 28 290
298 29 296
301 296 29
302 29 298
86 35 31
150 32 38
153 32 150
289 33 154
86 39 35
270 36 42
282 149 37
280 36 270
278 37 276
281 276 37
282 37 278
86 43 39
142 40 46
145 40 142
269 41 146
86 47 43
250 45 50
262 141 44
261 45 250
258 255 44
262 44 255
260 258 44
86 51 47
134 48 54
137 48 134
249 49 138
86 55 51
230 53 58
242 133 52
241 53 230
238 235 52
242 52 235
240 238 52
86 59 55
126 56 62
129 56 126
229 57 130
86 63 59
210 61 66
222 125 60
221 61 210
218 215 60
222 60 215
220 218 60
86 67 63
119 64 70
121 64 119
209 65 122
74 71 67
185 68 73
83 74 67
86 83 67
202 117 69
194 68 185
197 69 195
199 69 197
202 69 199
112 72 76
184 72 112
80 77 74
109 75 79
83 80 74
111 75 109
106 78 82
108 78 106
103 81 85
105 81 103
99 84 88
101 84 99
93 87 91
98 87 93
95 92 90
168 94 96
116 100 94
120 116 94
124 120 94
128 124 94
132 128 94
136 132 94
140 136 94
144 140 94
148 144 94
152 148 94
156 152 94
160 156 94
164 160 94
168 164 94
175 168 96
181 175 96
113 102 100
116 113 100
107 104 102
110 107 102
113 110 102
192 112 114
186 184 112
189 186 112
192 189 112
203 115 118
203 193 115
223 123 127
207 204 122
211 122 204
223 208 123
211 209 122
243 131 135
227 224 130
231 130 224
243 228 131
231 229 130
263 139 143
247 244 138
251 138 244
263 248 139
251 249 138
283 147 151
267 264 146
271 146 264
283 268 147
271 269 146
303 155 159
287 284 154
291 154 284
303 288 155
291 289 154
323 163 167
307 304 162
311 162 304
323 308 163
311 309 162
175 172 168
341 171 174
327 324 170
331 170 324
341 328 171
331 329 170
181 178 175
194 185 187
198 188 190
196 194 187
201 191 193
200 198 190
203 201 193
216 206 208
217 212 205
217 205 214
223 216 208
221 210 213
221 213 219
236 226 228
237 232 225
237 225 234
243 236 228
241 230 233
241 233 239
256 246 248
257 252 245
257 245 254
263 256 248
261 250 253
261 253 259
279 266 268
274 272 265
277 274 265
283 279 268
280 270 273
280 273 275
299 286 288
294 292 285
297 294 285
303 299 288
300 290 293
300 293 295
319 306 308
314 312 305
317 314 305
323 319 308
320 310 313
320 313 315
336 326 328
337 332 325
337 325 334
341 336 328
343 330 333
343 333 339
353 347 344
436 346 349
380 354 345
436 381 346
353 350 347
421 348 352
421 402 348
435 348 402
357 351 355
382 351 357
423 352 383
423 421 352
380 356 354
377 358 356
382 357 359
380 377 356
374 361 358
386 360 363
377 374 358
384 382 359
372 364 361
454 362 365
374 372 361
455 386 363
369 366 364
452 365 368
372 369 364
454 365 452
449 367 371
452 368 450
446 370 373
449 371 447
444 373 376
446 373 444
441 375 379
444 376 442
438 378 381
441 379 439
438 381 436
423 383 385
453 423 385
433 390 387
469 389 392
466 434 388
468 466 388
433 393 390
512 391 394
513 469 392
431 395 393
517 394 396
433 431 393
517 512 394
429 397 395
519 396 398
431 429 395
519 517 396
445 399 397
522 398 401
429 426 397
448 397 426
448 445 397
522 519 398
437 402 399
507 400 404
440 437 399
443 440 399
445 443 399
522 401 508
421 405 402
495 403 406
437 435 402
507 404 496
419 407 405
500 406 408
421 419 405
500 495 406
417 409 407
502 408 410
419 417 407
502 500 408
414 411 409
505 410 413
417 414 409
505 502 410
490 412 416
505 413 491
478 415 418
490 416 479
483 418 420
483 478 418
485 420 422
485 483 420
488 422 425
488 485 422
453 426 423
473 424 428
488 425 474
456 427 430
451 448 426
453 451 426
473 428 457
461 430 432
461 456 430
463 432 434
463 461 432
466 463 434
464 459 462
597 459 464
595 477 458
597 596 459
599 464 467
598 597 464
599 598 464
599 467 471
526 470 514
528 470 526
599 471 529
584 489 475
589 584 475
595 590 477
486 481 484
582 481 486
574 494 480
582 575 481
584 486 489
583 582 486
584 583 486
565 506 492
570 565 492
574 571 494
503 498 501
563 498 503
555 511 497
563 556 498
565 503 506
564 563 503
565 564 503
546 523 509
547 546 509
555 548 511
520 515 518
544 515 520
544 527 515
546 520 523
545 544 520
546 545 520
528 526 524
544 525 527
530 528 524
542 530 524
545 543 525
545 525 544
599 529 531
542 532 530
599 531 533
538 534 532
599 533 537
542 538 532
560 536 541
579 536 560
586 535 578
591 535 586
598 537 592
599 537 598
545 539 543
546 539 545
549 539 546
557 540 550
551 546 547
551 549 546
553 552 548
555 553 548
561 550 552
561 557 550
561 552 553
563 554 556
564 562 554
564 554 563
564 558 562
565 558 564
566 558 565
576 559 567
568 566 565
570 568 565
580 567 569
580 576 567
572 569 571
580 569 572
574 572 571
582 573 575
583 581 573
583 573 582
583 577 581
584 577 583
585 577 584
587 585 584
589 587 584
591 586 588
593 588 590
593 591 588
595 593 590
598 592 594
597 594 596
598 594 597