109 3 0
197 2 4
119 0 76
193 77 1
112 109 0
114 112 0
117 114 0
119 117 0
195 193 1
107 5 3
263 4 7
109 107 3
263 197 4
107 8 5
260 6 9
263 7 261
105 10 8
258 9 11
107 105 8
260 9 258
100 12 10
256 11 14
102 100 10
105 102 10
258 11 256
95 15 12
253 13 16
97 95 12
100 97 12
256 14 254
92 17 15
251 16 19
95 92 15
253 16 251
92 20 17
248 18 21
251 19 249
90 22 20
246 21 23
92 90 20
248 21 246
88 24 22
244 23 25
90 88 22
246 23 244
83 26 24
242 25 28
86 83 24
88 86 24
244 25 242
78 29 26
239 27 30
81 78 26
83 81 26
242 28 240
181 31 29
237 30 33
184 29 78
184 181 29
239 30 237
179 34 31
234 32 35
181 179 31
237 33 235
177 36 34
232 35 37
179 177 34
234 35 232
177 38 36
230 37 40
232 37 230
172 41 38
227 39 42
174 172 38
177 174 38
230 40 228
167 43 41
225 42 45
169 167 41
172 169 41
227 42 225
162 46 43
222 44 47
164 162 43
167 164 43
225 45 223
160 48 46
220 47 49
162 160 46
222 47 220
158 50 48
218 49 51
160 158 48
220 49 218
55 52 50
216 51 54
155 55 50
158 155 50
218 51 216
213 53 56
216 54 214
150 57 55
211 56 59
153 150 55
155 153 55
213 56 211
145 60 57
208 58 61
148 145 57
150 148 57
211 59 209
143 62 60
206 61 63
145 143 60
208 61 206
141 64 62
204 63 66
143 141 62
206 63 204
138 67 64
201 65 68
141 138 64
204 66 202
138 69 67
199 68 71
201 68 199
128 72 69
186 70 73
131 128 69
133 131 69
136 133 69
138 136 69
199 71 188
124 74 72
189 73 75
126 124 72
128 126 72
189 186 73
122 76 74
191 75 77
124 122 74
191 189 75
122 119 76
193 191 77
3106 79 82
3109 185 80
3109 80 3107
3104 82 85
3106 82 3104
3101 84 87
3104 85 3102
3207 87 89
3207 3101 87
3205 89 91
3207 89 3205
3203 91 93
3205 91 3203
3201 94 96
3203 93 3200
3198 96 99
3201 96 3198
3195 98 101
3198 99 3196
3193 101 104
3195 101 3193
3190 103 106
3193 104 3191
3188 106 108
3190 106 3188
3186 108 111
3188 108 3186
3183 110 113
3186 111 3184
3181 113 116
3183 113 3181
3178 115 118
3181 116 3179
3176 118 121
3178 118 3176
3173 120 123
3176 121 3174
3171 123 125
3173 123 3171
3169 125 127
3171 125 3169
3167 127 130
3169 127 3167
3164 129 132
3167 130 3165
3162 132 135
3164 132 3162
3159 134 137
3162 135 3160
3157 137 140
3159 137 3157
3154 139 142
3157 140 3155
3152 142 144
3154 142 3152
3150 144 147
3152 144 3150
3147 146 149
3150 147 3148
3145 149 152
3147 149 3145
3142 151 154
3145 152 3143
3140 154 157
3142 154 3140
3137 156 159
3140 157 3138
3135 159 161
3137 159 3135
3133 161 163
3135 161 3133
3131 163 166
3133 163 3131
3128 165 168
3131 166 3129
3126 168 171
3128 168 3126
3123 170 173
3126 171 3124
3121 173 176
3123 173 3121
3118 175 178
3121 176 3119
3116 178 180
3118 178 3116
3114 180 183
3116 180 3114
3111 182 185
3114 183 3112
3111 185 3109
269 187 190
454 198 187
267 264 187
454 187 264
269 267 187
272 190 192
272 269 190
274 192 194
274 272 192
278 194 196
276 274 194
278 276 194
283 196 262
281 278 196
283 281 196
451 200 198
454 451 198
444 203 200
446 444 200
449 446 200
451 449 200
429 205 203
431 429 203
434 431 203
436 434 203
444 436 203
409 207 205
411 409 205
414 411 205
416 414 205
424 416 205
426 424 205
429 426 205
406 210 207
409 406 207
406 212 210
406 215 212
404 217 215
406 404 215
402 219 217
404 402 217
400 221 219
402 400 219
397 224 221
400 397 221
392 226 224
395 392 224
397 395 224
380 229 226
382 380 226
385 382 226
387 385 226
390 387 226
392 390 226
367 231 229
370 367 229
372 370 229
375 372 229
377 375 229
380 377 229
350 233 231
352 350 231
360 352 231
362 360 231
365 362 231
367 365 231
345 236 233
347 345 233
350 347 233
342 238 236
345 342 236
340 241 238
342 340 238
338 243 241
340 338 241
336 245 243
338 336 243
250 247 245
333 250 245
336 333 245
333 252 250
316 255 252
318 316 252
321 318 252
323 321 252
326 323 252
328 326 252
331 328 252
333 331 252
306 257 255
308 306 255
311 308 255
313 311 255
316 313 255
296 259 257
298 296 257
301 298 257
303 301 257
306 303 257
288 262 259
291 288 259
293 291 259
296 293 259
286 283 262
288 286 262
462 266 268
459 455 265
461 459 265
646 268 271
646 462 268
637 270 273
646 271 638
640 273 275
640 637 273
642 275 277
642 640 275
644 277 280
644 642 277
632 279 282
644 280 633
635 282 285
635 632 282
627 284 287
635 285 628
630 287 290
630 627 287
622 289 292
630 290 623
625 292 295
625 622 292
617 294 297
625 295 618
620 297 300
620 617 297
612 299 302
620 300 613
615 302 305
615 612 302
607 304 307
615 305 608
610 307 310
610 607 307
602 309 312
610 310 603
605 312 315
605 602 312
597 314 317
605 315 598
600 317 320
600 597 317
592 319 322
600 320 593
595 322 325
595 592 322
587 324 327
595 325 588
590 327 330
590 587 327
582 329 332
590 330 583
585 332 335
585 582 332
573 334 337
585 335 574
576 337 339
576 573 337
578 339 341
578 576 339
580 341 344
580 578 341
568 343 346
580 344 569
571 346 349
571 568 346
563 348 351
571 349 564
566 351 354
566 563 351
357 355 352
558 353 356
360 357 352
566 354 559
561 356 359
561 558 356
553 358 361
561 359 554
556 361 364
556 553 361
548 363 366
556 364 549
551 366 369
551 548 366
543 368 371
551 369 544
546 371 374
546 543 371
538 373 376
546 374 539
541 376 379
541 538 376
533 378 381
541 379 534
536 381 384
536 533 381
528 383 386
536 384 529
531 386 389
531 528 386
523 388 391
531 389 524
526 391 394
526 523 391
518 393 396
526 394 519
521 396 399
521 518 396
509 398 401
521 399 510
512 401 403
512 509 401
514 403 405
514 512 403
516 405 408
516 514 405
504 407 410
516 408 505
507 410 413
507 504 410
499 412 415
507 413 500
502 415 418
502 499 415
421 419 416
494 417 420
424 421 416
502 418 495
497 420 423
497 494 420
489 422 425
497 423 490
492 425 428
492 489 425
484 427 430
492 428 485
487 430 433
487 484 430
479 432 435
487 433 480
482 435 438
482 479 435
441 439 436
474 437 440
444 441 436
482 438 475
477 440 443
477 474 440
469 442 445
477 443 470
472 445 448
472 469 445
464 447 450
472 448 465
467 450 453
467 464 450
456 452 455
467 453 457
459 456 455
715 458 460
712 468 458
715 712 458
715 460 463
717 463 647
717 715 463
712 466 468
712 473 466
710 471 473
710 478 471
712 710 473
710 476 478
710 483 476
708 481 483
708 488 481
710 708 483
708 486 488
708 493 486
705 491 493
705 498 491
708 705 493
705 496 498
705 503 496
705 501 503
705 508 501
705 506 508
698 517 506
703 698 506
705 703 506
691 511 513
689 522 511
691 689 511
694 513 515
694 691 513
696 515 517
696 694 515
698 696 517
686 520 522
686 527 520
689 686 522
684 525 527
532 525 530
537 530 525
684 537 525
686 684 527
684 535 537
684 542 535
684 540 542
682 547 540
684 682 540
682 545 547
682 552 545
682 550 552
682 557 550
679 555 557
679 562 555
682 679 557
679 560 562
679 567 560
679 565 567
677 572 565
679 677 565
677 570 572
674 581 570
677 674 570
668 575 577
660 586 575
663 660 575
665 663 575
668 665 575
670 577 579
670 668 577
672 579 581
672 670 579
674 672 581
658 584 586
658 591 584
660 658 586
658 589 591
596 589 594
601 594 589
658 601 589
658 599 601
658 606 599
656 604 606
656 611 604
658 656 606
656 609 611
616 609 614
621 614 609
656 621 609
653 619 621
653 626 619
656 653 621
653 624 626
651 631 624
653 651 624
648 629 631
648 636 629
651 648 631
648 634 636
724 645 634
724 634 648
720 639 641
717 647 639
720 717 639
720 641 643
722 643 645
722 720 643
724 722 645
737 650 652
733 725 649
735 733 649
803 652 655
803 737 652
800 654 657
803 655 801
798 657 659
800 657 798
796 659 662
798 659 796
793 661 664
796 662 794
791 664 667
793 664 791
788 666 669
791 667 789
786 669 671
788 669 786
784 671 673
786 671 784
782 673 676
784 673 782
779 675 678
782 676 780
777 678 681
779 678 777
774 680 683
777 681 775
772 683 685
774 683 772
770 685 688
772 685 770
767 687 690
770 688 768
765 690 693
767 690 765
762 692 695
765 693 763
760 695 697
762 695 760
758 697 699
760 697 758
703 700 698
756 699 702
758 699 756
753 701 704
756 702 754
751 704 707
753 704 751
748 706 709
751 707 749
746 709 711
748 709 746
744 711 714
746 711 744
741 713 716
744 714 742
739 716 719
741 716 739
726 718 721
739 719 728
729 721 723
729 726 721
731 723 725
731 729 723
733 731 725
809 727 730
994 738 727
807 804 727
994 727 804
809 807 727
812 730 732
812 809 730
814 732 734
814 812 732
818 734 736
816 814 734
818 816 734
823 736 802
821 818 736
823 821 736
991 740 738
994 991 738
984 743 740
986 984 740
989 986 740
991 989 740
969 745 743
971 969 743
974 971 743
976 974 743
984 976 743
949 747 745
951 949 745
954 951 745
956 954 745
964 956 745
966 964 745
969 966 745
946 750 747
949 946 747
946 752 750
946 755 752
944 757 755
946 944 755
942 759 757
944 942 757
940 761 759
942 940 759
937 764 761
940 937 761
932 766 764
935 932 764
937 935 764
920 769 766
922 920 766
925 922 766
927 925 766
930 927 766
932 930 766
907 771 769
910 907 769
912 910 769
915 912 769
917 915 769
920 917 769
890 773 771
892 890 771
900 892 771
902 900 771
905 902 771
907 905 771
885 776 773
887 885 773
890 887 773
882 778 776
885 882 776
880 781 778
882 880 778
878 783 781
880 878 781
876 785 783
878 876 783
790 787 785
873 790 785
876 873 785
873 792 790
856 795 792
858 856 792
861 858 792
863 861 792
866 863 792
868 866 792
871 868 792
873 871 792
846 797 795
848 846 795
851 848 795
853 851 795
856 853 795
836 799 797
838 836 797
841 838 797
843 841 797
846 843 797
828 802 799
831 828 799
833 831 799
836 833 799
826 823 802
828 826 802
1002 806 808
999 995 805
1001 999 805
1186 808 811
1186 1002 808
1177 810 813
1186 811 1178
1180 813 815
1180 1177 813
1182 815 817
1182 1180 815
1184 817 820
1184 1182 817
1172 819 822
1184 820 1173
1175 822 825
1175 1172 822
1167 824 827
1175 825 1168
1170 827 830
1170 1167 827
1162 829 832
1170 830 1163
1165 832 835
1165 1162 832
1157 834 837
1165 835 1158
1160 837 840
1160 1157 837
1152 839 842
1160 840 1153
1155 842 845
1155 1152 842
1147 844 847
1155 845 1148
1150 847 850
1150 1147 847
1142 849 852
1150 850 1143
1145 852 855
1145 1142 852
1137 854 857
1145 855 1138
1140 857 860
1140 1137 857
1132 859 862
1140 860 1133
1135 862 865
1135 1132 862
1127 864 867
1135 865 1128
1130 867 870
1130 1127 867
1122 869 872
1130 870 1123
1125 872 875
1125 1122 872
1113 874 877
1125 875 1114
1116 877 879
1116 1113 877
1118 879 881
1118 1116 879
1120 881 884
1120 1118 881
1108 883 886
1120 884 1109
1111 886 889
1111 1108 886
1103 888 891
1111 889 1104
1106 891 894
1106 1103 891
897 895 892
1098 893 896
900 897 892
1106 894 1099
1101 896 899
1101 1098 896
1093 898 901
1101 899 1094
1096 901 904
1096 1093 901
1088 903 906
1096 904 1089
1091 906 909
1091 1088 906
1083 908 911
1091 909 1084
1086 911 914
1086 1083 911
1078 913 916
1086 914 1079
1081 916 919
1081 1078 916
1073 918 921
1081 919 1074
1076 921 924
1076 1073 921
1068 923 926
1076 924 1069
1071 926 929
1071 1068 926
1063 928 931
1071 929 1064
1066 931 934
1066 1063 931
1058 933 936
1066 934 1059
1061 936 939
1061 1058 936
1049 938 941
1061 939 1050
1052 941 943
1052 1049 941
1054 943 945
1054 1052 943
1056 945 948
1056 1054 945
1044 947 950
1056 948 1045
1047 950 953
1047 1044 950
1039 952 955
1047 953 1040
1042 955 958
1042 1039 955
961 959 956
1034 957 960
964 961 956
1042 958 1035
1037 960 963
1037 1034 960
1029 962 965
1037 963 1030
1032 965 968
1032 1029 965
1024 967 970
1032 968 1025
1027 970 973
1027 1024 970
1019 972 975
1027 973 1020
1022 975 978
1022 1019 975
981 979 976
1014 977 980
984 981 976
1022 978 1015
1017 980 983
1017 1014 980
1009 982 985
1017 983 1010
1012 985 988
1012 1009 985
1004 987 990
1012 988 1005
1007 990 993
1007 1004 990
996 992 995
1007 993 997
999 996 995
1255 998 1000
1252 1008 998
1255 1252 998
1255 1000 1003
1257 1003 1187
1257 1255 1003
1252 1006 1008
1252 1013 1006
1250 1011 1013
1250 1018 1011
1252 1250 1013
1250 1016 1018
1250 1023 1016
1248 1021 1023
1248 1028 1021
1250 1248 1023
1248 1026 1028
1248 1033 1026
1245 1031 1033
1245 1038 1031
1248 1245 1033
1245 1036 1038
1245 1043 1036
1245 1041 1043
1245 1048 1041
1245 1046 1048
1238 1057 1046
1243 1238 1046
1245 1243 1046
1231 1051 1053
1229 1062 1051
1231 1229 1051
1234 1053 1055
1234 1231 1053
1236 1055 1057
1236 1234 1055
1238 1236 1057
1226 1060 1062
1226 1067 1060
1229 1226 1062
1224 1065 1067
1072 1065 1070
1077 1070 1065
1224 1077 1065
1226 1224 1067
1224 1075 1077
1224 1082 1075
1224 1080 1082
1222 1087 1080
1224 1222 1080
1222 1085 1087
1222 1092 1085
1222 1090 1092
1222 1097 1090
1219 1095 1097
1219 1102 1095
1222 1219 1097
1219 1100 1102
1219 1107 1100
1219 1105 1107
1217 1112 1105
1219 1217 1105
1217 1110 1112
1214 1121 1110
1217 1214 1110
1208 1115 1117
1200 1126 1115
1203 1200 1115
1205 1203 1115
1208 1205 1115
1210 1117 1119
1210 1208 1117
1212 1119 1121
1212 1210 1119
1214 1212 1121
1198 1124 1126
1198 1131 1124
1200 1198 1126
1198 1129 1131
1136 1129 1134
1141 1134 1129
1198 1141 1129
1198 1139 1141
1198 1146 1139
1196 1144 1146
1196 1151 1144
1198 1196 1146
1196 1149 1151
1156 1149 1154
1161 1154 1149
1196 1161 1149
1193 1159 1161
1193 1166 1159
1196 1193 1161
1193 1164 1166
1191 1171 1164
1193 1191 1164
1188 1169 1171
1188 1176 1169
1191 1188 1171
1188 1174 1176
1264 1185 1174
1264 1174 1188
1260 1179 1181
1257 1187 1179
1260 1257 1179
1260 1181 1183
1262 1183 1185
1262 1260 1183
1264 1262 1185
1277 1190 1192
1273 1265 1189
1275 1273 1189
1343 1192 1195
1343 1277 1192
1340 1194 1197
1343 1195 1341
1338 1197 1199
1340 1197 1338
1336 1199 1202
1338 1199 1336
1333 1201 1204
1336 1202 1334
1331 1204 1207
1333 1204 1331
1328 1206 1209
1331 1207 1329
1326 1209 1211
1328 1209 1326
1324 1211 1213
1326 1211 1324
1322 1213 1216
1324 1213 1322
1319 1215 1218
1322 1216 1320
1317 1218 1221
1319 1218 1317
1314 1220 1223
1317 1221 1315
1312 1223 1225
1314 1223 1312
1310 1225 1228
1312 1225 1310
1307 1227 1230
1310 1228 1308
1305 1230 1233
1307 1230 1305
1302 1232 1235
1305 1233 1303
1300 1235 1237
1302 1235 1300
1298 1237 1239
1300 1237 1298
1243 1240 1238
1296 1239 1242
1298 1239 1296
1293 1241 1244
1296 1242 1294
1291 1244 1247
1293 1244 1291
1288 1246 1249
1291 1247 1289
1286 1249 1251
1288 1249 1286
1284 1251 1254
1286 1251 1284
1281 1253 1256
1284 1254 1282
1279 1256 1259
1281 1256 1279
1266 1258 1261
1279 1259 1268
1269 1261 1263
1269 1266 1261
1271 1263 1265
1271 1269 1263
1273 1271 1265
1349 1267 1270
1534 1278 1267
1347 1344 1267
1534 1267 1344
1349 1347 1267
1352 1270 1272
1352 1349 1270
1354 1272 1274
1354 1352 1272
1358 1274 1276
1356 1354 1274
1358 1356 1274
1363 1276 1342
1361 1358 1276
1363 1361 1276
1531 1280 1278
1534 1531 1278
1524 1283 1280
1526 1524 1280
1529 1526 1280
1531 1529 1280
1509 1285 1283
1511 1509 1283
1514 1511 1283
1516 1514 1283
1524 1516 1283
1489 1287 1285
1491 1489 1285
1494 1491 1285
1496 1494 1285
1504 1496 1285
1506 1504 1285
1509 1506 1285
1486 1290 1287
1489 1486 1287
1486 1292 1290
1486 1295 1292
1484 1297 1295
1486 1484 1295
1482 1299 1297
1484 1482 1297
1480 1301 1299
1482 1480 1299
1477 1304 1301
1480 1477 1301
1472 1306 1304
1475 1472 1304
1477 1475 1304
1460 1309 1306
1462 1460 1306
1465 1462 1306
1467 1465 1306
1470 1467 1306
1472 1470 1306
1447 1311 1309
1450 1447 1309
1452 1450 1309
1455 1452 1309
1457 1455 1309
1460 1457 1309
1430 1313 1311
1432 1430 1311
1440 1432 1311
1442 1440 1311
1445 1442 1311
1447 1445 1311
1425 1316 1313
1427 1425 1313
1430 1427 1313
1422 1318 1316
1425 1422 1316
1420 1321 1318
1422 1420 1318
1418 1323 1321
1420 1418 1321
1416 1325 1323
1418 1416 1323
1330 1327 1325
1413 1330 1325
1416 1413 1325
1413 1332 1330
1396 1335 1332
1398 1396 1332
1401 1398 1332
1403 1401 1332
1406 1403 1332
1408 1406 1332
1411 1408 1332
1413 1411 1332
1386 1337 1335
1388 1386 1335
1391 1388 1335
1393 1391 1335
1396 1393 1335
1376 1339 1337
1378 1376 1337
1381 1378 1337
1383 1381 1337
1386 1383 1337
1368 1342 1339
1371 1368 1339
1373 1371 1339
1376 1373 1339
1366 1363 1342
1368 1366 1342
1542 1346 1348
1539 1535 1345
1541 1539 1345
1726 1348 1351
1726 1542 1348
1717 1350 1353
1726 1351 1718
1720 1353 1355
1720 1717 1353
1722 1355 1357
1722 1720 1355
1724 1357 1360
1724 1722 1357
1712 1359 1362
1724 1360 1713
1715 1362 1365
1715 1712 1362
1707 1364 1367
1715 1365 1708
1710 1367 1370
1710 1707 1367
1702 1369 1372
1710 1370 1703
1705 1372 1375
1705 1702 1372
1697 1374 1377
1705 1375 1698
1700 1377 1380
1700 1697 1377
1692 1379 1382
1700 1380 1693
1695 1382 1385
1695 1692 1382
1687 1384 1387
1695 1385 1688
1690 1387 1390
1690 1687 1387
1682 1389 1392
1690 1390 1683
1685 1392 1395
1685 1682 1392
1677 1394 1397
1685 1395 1678
1680 1397 1400
1680 1677 1397
1672 1399 1402
1680 1400 1673
1675 1402 1405
1675 1672 1402
1667 1404 1407
1675 1405 1668
1670 1407 1410
1670 1667 1407
1662 1409 1412
1670 1410 1663
1665 1412 1415
1665 1662 1412
1653 1414 1417
1665 1415 1654
1656 1417 1419
1656 1653 1417
1658 1419 1421
1658 1656 1419
1660 1421 1424
1660 1658 1421
1648 1423 1426
1660 1424 1649
1651 1426 1429
1651 1648 1426
1643 1428 1431
1651 1429 1644
1646 1431 1434
1646 1643 1431
1437 1435 1432
1638 1433 1436
1440 1437 1432
1646 1434 1639
1641 1436 1439
1641 1638 1436
1633 1438 1441
1641 1439 1634
1636 1441 1444
1636 1633 1441
1628 1443 1446
1636 1444 1629
1631 1446 1449
1631 1628 1446
1623 1448 1451
1631 1449 1624
1626 1451 1454
1626 1623 1451
1618 1453 1456
1626 1454 1619
1621 1456 1459
1621 1618 1456
1613 1458 1461
1621 1459 1614
1616 1461 1464
1616 1613 1461
1608 1463 1466
1616 1464 1609
1611 1466 1469
1611 1608 1466
1603 1468 1471
1611 1469 1604
1606 1471 1474
1606 1603 1471
1598 1473 1476
1606 1474 1599
1601 1476 1479
1601 1598 1476
1589 1478 1481
1601 1479 1590
1592 1481 1483
1592 1589 1481
1594 1483 1485
1594 1592 1483
1596 1485 1488
1596 1594 1485
1584 1487 1490
1596 1488 1585
1587 1490 1493
1587 1584 1490
1579 1492 1495
1587 1493 1580
1582 1495 1498
1582 1579 1495
1501 1499 1496
1574 1497 1500
1504 1501 1496
1582 1498 1575
1577 1500 1503
1577 1574 1500
1569 1502 1505
1577 1503 1570
1572 1505 1508
1572 1569 1505
1564 1507 1510
1572 1508 1565
1567 1510 1513
1567 1564 1510
1559 1512 1515
1567 1513 1560
1562 1515 1518
1562 1559 1515
1521 1519 1516
1554 1517 1520
1524 1521 1516
1562 1518 1555
1557 1520 1523
1557 1554 1520
1549 1522 1525
1557 1523 1550
1552 1525 1528
1552 1549 1525
1544 1527 1530
1552 1528 1545
1547 1530 1533
1547 1544 1530
1536 1532 1535
1547 1533 1537
1539 1536 1535
1795 1538 1540
1792 1548 1538
1795 1792 1538
1795 1540 1543
1797 1543 1727
1797 1795 1543
1792 1546 1548
1792 1553 1546
1790 1551 1553
1790 1558 1551
1792 1790 1553
1790 1556 1558
1790 1563 1556
1788 1561 1563
1788 1568 1561
1790 1788 1563
1788 1566 1568
1788 1573 1566
1785 1571 1573
1785 1578 1571
1788 1785 1573
1785 1576 1578
1785 1583 1576
1785 1581 1583
1785 1588 1581
1785 1586 1588
1778 1597 1586
1783 1778 1586
1785 1783 1586
1771 1591 1593
1769 1602 1591
1771 1769 1591
1774 1593 1595
1774 1771 1593
1776 1595 1597
1776 1774 1595
1778 1776 1597
1766 1600 1602
1766 1607 1600
1769 1766 1602
1764 1605 1607
1612 1605 1610
1617 1610 1605
1764 1617 1605
1766 1764 1607
1764 1615 1617
1764 1622 1615
1764 1620 1622
1762 1627 1620
1764 1762 1620
1762 1625 1627
1762 1632 1625
1762 1630 1632
1762 1637 1630
1759 1635 1637
1759 1642 1635
1762 1759 1637
1759 1640 1642
1759 1647 1640
1759 1645 1647
1757 1652 1645
1759 1757 1645
1757 1650 1652
1754 1661 1650
1757 1754 1650
1748 1655 1657
1740 1666 1655
1743 1740 1655
1745 1743 1655
1748 1745 1655
1750 1657 1659
1750 1748 1657
1752 1659 1661
1752 1750 1659
1754 1752 1661
1738 1664 1666
1738 1671 1664
1740 1738 1666
1738 1669 1671
1676 1669 1674
1681 1674 1669
1738 1681 1669
1738 1679 1681
1738 1686 1679
1736 1684 1686
1736 1691 1684
1738 1736 1686
1736 1689 1691
1696 1689 1694
1701 1694 1689
1736 1701 1689
1733 1699 1701
1733 1706 1699
1736 1733 1701
1733 1704 1706
1731 1711 1704
1733 1731 1704
1728 1709 1711
1728 1716 1709
1731 1728 1711
1728 1714 1716
1804 1725 1714
1804 1714 1728
1800 1719 1721
1797 1727 1719
1800 1797 1719
1800 1721 1723
1802 1723 1725
1802 1800 1723
1804 1802 1725
1817 1730 1732
1813 1805 1729
1815 1813 1729
1827 1732 1735
1827 1817 1732
1824 1734 1737
1827 1735 1825
1883 1737 1739
1883 1824 1737
1881 1739 1741
1883 1739 1881
1879 1742 1744
1881 1741 1878
1876 1744 1746
1879 1744 1876
1874 1747 1749
1876 1746 1873
1871 1749 1751
1874 1749 1871
1869 1751 1753
1871 1751 1869
1867 1753 1755
1869 1753 1867
1865 1756 1758
1867 1755 1864
1862 1758 1760
1865 1758 1862
1860 1761 1763
1862 1760 1859
1857 1763 1765
1860 1763 1857
1855 1765 1767
1857 1765 1855
1853 1768 1770
1855 1767 1852
1850 1770 1772
1853 1770 1850
1848 1773 1775
1850 1772 1847
1845 1775 1777
1848 1775 1845
1843 1777 1779
1845 1777 1843
1783 1780 1778
1841 1779 1781
1843 1779 1841
1839 1782 1784
1841 1781 1838
1836 1784 1786
1839 1784 1836
1834 1787 1789
1836 1786 1833
1831 1789 1791
1834 1789 1831
1829 1791 1794
1831 1791 1829
1818 1793 1796
1829 1794 1820
1821 1796 1799
1821 1818 1796
1806 1798 1801
1821 1799 1807
1809 1801 1803
1809 1806 1801
1811 1803 1805
1811 1809 1803
1813 1811 1805
1903 1808 1810
1992 1822 1808
1901 1898 1808
1931 1808 1898
1903 1901 1808
1929 1926 1808
1994 1808 1926
1931 1929 1808
1994 1992 1808
1906 1810 1812
1906 1903 1810
1908 1812 1814
1908 1906 1812
1884 1814 1816
1910 1814 1884
1910 1908 1814
1915 1816 1826
1887 1884 1816
1889 1887 1816
1912 1889 1816
1915 1912 1816
1989 1819 1822
1985 1828 1819
1987 1985 1819
1989 1987 1819
1992 1989 1822
1940 1826 1823
1945 1823 1882
1943 1940 1823
1945 1943 1823
1917 1915 1826
2003 1917 1826
2006 1826 1940
2006 2003 1826
2220 1830 1828
2262 1828 1985
2222 1828 2152
2260 2152 1828
2222 2220 1828
2262 2260 1828
2284 1832 1830
2195 2192 1830
2289 1830 2192
2213 2195 1830
2215 2213 1830
2217 2215 1830
2220 2217 1830
2287 2284 1830
2289 2287 1830
1840 1835 1832
2284 1840 1832
1840 1837 1835
2282 1842 1840
2284 2282 1840
2280 1844 1842
2282 2280 1842
2278 1846 1844
2280 2278 1844
2273 1849 1846
2275 2273 1846
2278 2275 1846
2270 1851 1849
2273 2270 1849
2156 1854 1851
2127 2124 1851
2159 1851 2124
2129 2127 1851
2178 2129 1851
2159 2156 1851
2181 2178 1851
2183 2181 1851
2270 2183 1851
2249 1856 1854
2176 1854 2156
2176 2174 1854
2252 1854 2174
2252 2249 1854
2076 1858 1856
2079 2076 1856
2081 2079 1856
2106 2081 1856
2109 2106 1856
2111 2109 1856
2113 2111 1856
2247 2113 1856
2249 2247 1856
2317 1861 1858
2317 1858 2076
2312 1863 1861
2315 2312 1861
2317 2315 1861
2310 1866 1863
2312 2310 1863
2308 1868 1866
2310 2308 1866
2303 1870 1868
2306 2303 1868
2308 2306 1868
1875 1872 1870
1877 1875 1870
2303 1877 1870
2054 1880 1877
2013 2011 1877
2056 1877 2011
2062 2013 1877
2056 2054 1877
2065 2062 1877
2067 2065 1877
2298 2067 1877
2301 2298 1877
2303 2301 1877
2239 1882 1880
2049 2047 1880
2239 1880 2047
2051 2049 1880
2054 2051 1880
1947 1945 1882
2237 1947 1882
2239 2237 1882
2333 1886 1888
2326 1911 1885
2329 2326 1885
2331 2329 1885
2352 1888 1891
2352 2333 1888
1938 1892 1889
2349 1890 1893
1938 1889 1912
2352 1891 2350
1936 1894 1892
2360 1893 1895
1938 1936 1892
2359 2349 1893
2359 1893 2356
2360 2356 1893
1934 1896 1894
2362 1895 1897
1936 1934 1894
2362 2360 1895
1934 1898 1896
2366 1897 1899
2364 2362 1897
2366 2364 1897
2373 1900 1902
1934 1931 1898
2369 2366 1899
2371 2369 1899
2377 1902 1905
2377 2373 1902
2334 1904 1907
2377 1905 2336
2342 1907 1909
2337 2334 1907
2339 2337 1907
2342 2339 1907
2344 1909 1911
2344 2342 1909
2346 1911 2326
2346 2344 1911
2385 1914 1916
2378 1939 1913
2381 2378 1913
2383 2381 1913
2404 1916 1919
2404 2385 1916
2001 1920 1917
2401 1918 1921
2003 2001 1917
2404 1919 2402
1999 1922 1920
2412 1921 1923
2001 1999 1920
2411 2401 1921
2411 1921 2408
2412 2408 1921
1997 1924 1922
2414 1923 1925
1999 1997 1922
2414 2412 1923
1997 1926 1924
2418 1925 1927
2416 2414 1925
2418 2416 1925
2425 1928 1930
1997 1994 1926
2421 2418 1927
2423 2421 1927
2429 1930 1933
2429 2425 1930
2386 1932 1935
2429 1933 2388
2394 1935 1937
2389 2386 1935
2391 2389 1935
2394 2391 1935
2396 1937 1939
2396 2394 1937
2398 1939 2378
2398 2396 1939
2451 1942 1944
2447 2007 1941
2449 2447 1941
4887 1944 1946
4887 2451 1944
4883 1946 1948
4885 1946 4883
4887 1946 4885
2235 1949 1947
4881 1948 1950
2237 2235 1947
4883 1948 4881
2235 1951 1949
4881 1950 1953
2233 1954 1951
2438 1952 1955
2235 2233 1951
4881 1953 2440
2233 1956 1954
2441 1955 1957
2441 2438 1955
2233 1958 1956
2443 1957 1959
2443 2441 1957
1963 1960 1958
2445 1959 1961
2233 1963 1958
2445 2443 1959
2436 1962 1964
2435 2433 1961
2447 1961 2433
2447 2445 1961
2228 1965 1963
2492 1964 1966
2231 2228 1963
2233 2231 1963
2492 2436 1964
2268 1967 1965
2494 1966 1968
2268 1965 2228
2494 2492 1966
1972 1969 1967
2474 1968 1971
2266 1972 1967
2268 2266 1967
2496 1968 2474
2496 2494 1968
2483 1970 1973
2472 1971 2470
2481 2469 1970
2474 1971 2472
2483 2481 1970
2266 1974 1972
2485 1973 1975
2485 2483 1973
2264 1976 1974
2487 1975 1977
2266 2264 1974
2487 2485 1975
2264 1978 1976
2487 1977 1979
2264 1981 1978
2490 1980 1982
2489 2487 1979
2262 1983 1981
2500 1982 1984
2264 2262 1981
2498 2490 1982
2500 2498 1982
2262 1985 1983
2502 1984 1986
2502 2500 1984
2504 1986 1988
2504 2502 1986
2504 1988 1991
2478 1990 1993
2504 1991 2479
2478 1993 1996
2452 1995 1998
2467 1996 2454
2478 1996 2467
2460 1998 2000
2455 2452 1998
2457 2455 1998
2460 2457 1998
2462 2000 2002
2462 2460 2000
2464 2002 2005
2464 2462 2002
2447 2004 2007
2447 2430 2004
2464 2005 2431
2058 2011 2008
4950 2010 2012
2060 2008 2038
4944 2039 2009
2060 2058 2008
4947 4944 2009
4949 4947 2009
4986 2012 2015
2058 2056 2011
4986 4950 2012
2088 2016 2013
4964 2014 2017
2088 2013 2062
4986 2015 4965
2086 2018 2016
4974 2017 2019
2088 2086 2016
4967 4964 2017
4969 4967 2017
4972 4969 2017
4974 4972 2017
2086 2020 2018
4978 2019 2021
4976 4974 2019
4978 4976 2019
2084 2022 2020
4980 2021 2023
2086 2084 2020
4980 4978 2021
2081 2024 2022
4984 2023 2026
2084 2081 2022
4982 4980 2023
4984 4982 2023
2104 2027 2024
4955 2025 2028
2104 2024 2081
4958 2026 4956
4960 2026 4958
4984 2026 4960
2102 2029 2027
4953 2028 2031
2104 2102 2027
4955 2028 4953
2243 2032 2029
4928 2030 2033
2100 2098 2029
2245 2029 2098
2102 2100 2029
2245 2243 2029
4953 2031 4930
2241 2034 2032
4936 2033 2035
2243 2241 2032
4931 4928 2033
4933 4931 2033
4936 4933 2033
2043 2036 2034
4938 2035 2037
2045 2043 2034
2047 2045 2034
2239 2047 2034
2241 2239 2034
4938 4936 2035
2060 2038 2036
4942 2037 2039
2043 2040 2036
2060 2036 2040
4940 4938 2037
4942 4940 2037
4944 4942 2039
4907 2041 2044
4910 2061 2042
4910 2042 4908
4925 2044 2046
4927 4907 2044
4927 2044 4925
4923 2046 2048
4925 2046 4923
4921 2048 2050
4923 2048 4921
4921 2050 2052
4919 2053 2055
4921 2052 4918
4914 2055 2057
4916 2055 4914
4919 2055 4916
4912 2057 2059
4914 2057 4912
4910 2059 2061
4912 2059 4910
5010 2064 2066
5004 2089 2063
5007 5004 2063
5009 5007 2063
5038 2066 2069
5038 5010 2066
2324 2070 2067
5024 2068 2071
2324 2067 2298
5038 2069 5025
2322 2072 2070
5032 2071 2073
2324 2322 2070
5027 5024 2071
5029 5027 2071
5032 5029 2071
2320 2074 2072
5034 2073 2075
2322 2320 2072
5034 5032 2073
2317 2076 2074
5020 2075 2078
2320 2317 2074
5036 2075 5020
5036 5034 2075
5015 2077 2080
5018 2078 5016
5020 2078 5018
5013 2080 2083
5015 2080 5013
4990 2082 2085
2106 2104 2081
5013 2083 4992
4998 2085 2087
4993 4990 2085
4995 4993 2085
4998 4995 2085
5000 2087 2089
5000 4998 2087
5002 5000 2089
5004 5002 2089
2245 2092 2090
4853 2091 2093
2245 2090 2122
4853 2123 2091
2245 2094 2092
4850 2093 2095
4853 2093 4850
2245 2096 2094
4848 2095 2097
4850 2095 4848
2245 2098 2096
4848 2097 2099
4846 2099 2101
4848 2099 4846
4846 2101 2103
4844 2103 2105
4846 2103 4844
4844 2105 2108
4841 2107 2110
4844 2108 4842
4861 2110 2112
4861 4841 2110
4859 2112 2114
4861 2112 4859
2247 2115 2113
4857 2114 2116
4859 2114 4857
2245 2117 2115
4857 2116 2118
2247 2245 2115
2245 2119 2117
4855 2118 2120
4857 2118 4855
2245 2122 2119
4853 2121 2123
4855 2120 4852
5049 2126 2128
2254 2124 2154
5042 2155 2125
2161 2159 2124
2163 2161 2124
2254 2163 2124
5045 5042 2125
5047 5045 2125
5070 2128 2131
5070 5049 2128
2178 2132 2129
5067 2130 2133
5070 2131 5068
2204 2134 2132
5080 2133 2135
2204 2132 2178
5077 5067 2133
5077 2133 5074
5078 5074 2133
5080 5078 2133
2202 2136 2134
5084 2135 2137
2204 2202 2134
5082 5080 2135
5084 5082 2135
2200 2138 2136
5086 2137 2139
2202 2200 2136
5086 5084 2137
2200 2140 2138
5090 2139 2141
5088 5086 2139
5090 5088 2139
2213 2143 2140
5099 2142 2144
2200 2197 2140
2213 2140 2197
5092 5090 2141
5095 5092 2141
5097 5095 2141
2211 2145 2143
5103 2144 2147
2213 2211 2143
5103 5099 2144
2209 2148 2145
5050 2146 2149
2211 2209 2145
5103 2147 5052
2206 2150 2148
5058 2149 2151
2209 2206 2148
5053 5050 2149
5055 5053 2149
5058 5055 2149
2224 2152 2150
5060 2151 2153
2226 2150 2206
2226 2224 2150
5060 5058 2151
2258 2154 2152
5064 2153 2155
2224 2222 2152
2260 2258 2152
5062 5060 2153
5064 5062 2153
2256 2254 2154
2258 2256 2154
5064 2155 5042
4801 2157 2160
4804 2177 2158
4804 2158 4802
4819 2160 2162
4821 4801 2160
4821 2160 4819
4817 2162 2164
4819 2162 4817
2254 2165 2163
4815 2164 2166
4817 2164 4815
2252 2167 2165
4815 2166 2168
2254 2252 2165
2252 2170 2167
4813 2169 2171
4815 2168 4812
2252 2172 2170
4808 2171 2173
4810 2171 4808
4813 2171 4810
2252 2174 2172
4806 2173 2175
4808 2173 4806
4804 2175 2177
4806 2175 4804
5111 2180 2182
5104 2205 2179
5107 5104 2179
5109 5107 2179
5130 2182 2185
5130 5111 2182
2270 2186 2183
5127 2184 2187
5130 2185 5128
2296 2188 2186
5138 2187 2189
2296 2186 2270
5137 5127 2187
5137 2187 5134
5138 5134 2187
2294 2190 2188
5140 2189 2191
2296 2294 2188
5140 5138 2189
2292 2192 2190
5144 2191 2193
2294 2292 2190
5142 5140 2191
5144 5142 2191
5151 2194 2196
2292 2289 2192
5147 5144 2193
5149 5147 2193
2213 2197 2195
5155 2196 2199
5155 5151 2196
5112 2198 2201
5155 2199 5114
5120 2201 2203
5115 5112 2201
5117 5115 2201
5120 5117 2201
5122 2203 2205
5122 5120 2203
5124 2205 5104
5124 5122 2205
4761 2207 2210
4764 2227 2208
4764 2208 4762
4779 2210 2212
4781 4761 2210
4781 2210 4779
4777 2212 2214
4779 2212 4777
4775 2214 2216
4777 2214 4775
4775 2216 2218
4773 2219 2221
4775 2218 4772
4768 2221 2223
4770 2221 4768
4773 2221 4770
4766 2223 2225
4768 2223 4766
4764 2225 2227
4766 2225 4764
4341 2230 2232
4303 2269 2229
4340 4303 2229
4293 2232 2234
4295 2232 4293
4299 2232 4295
4341 2232 4299
4291 2234 2236
4293 2234 4291
4289 2236 2238
4291 2236 4289
4287 2238 2240
4289 2238 4287
4285 2240 2242
4287 2240 4285
4283 2242 2244
4285 2242 4283
4281 2244 2246
4283 2244 4281
4281 2246 2248
4279 2248 2251
4281 2248 4279
4338 2250 2253
4339 4279 2251
4317 2253 2255
4319 4276 2253
4338 2253 4276
4319 2253 4317
4315 2255 2257
4317 2255 4315
4313 2257 2259
4315 2257 4313
4311 2259 2261
4313 2259 4311
4309 2261 2263
4311 2261 4309
4307 2263 2265
4309 2263 4307
4305 2265 2267
4307 2265 4305
4305 2267 2269
4305 2269 4303
5163 2272 2274
5156 2297 2271
5159 5156 2271
5161 5159 2271
5182 2274 2277
5182 5163 2274
5179 2276 2279
5182 2277 5180
5192 2279 2281
5189 5179 2279
5189 2279 5186
5190 5186 2279
5192 5190 2279
5194 2281 2283
5194 5192 2281
5198 2283 2285
5196 5194 2283
5198 5196 2283
5207 2286 2288
5200 5198 2285
5203 5200 2285
5205 5203 2285
5211 2288 2291
5211 5207 2288
5164 2290 2293
5211 2291 5166
5172 2293 2295
5167 5164 2293
5169 5167 2293
5172 5169 2293
5174 2295 2297
5174 5172 2295
5176 2297 5156
5176 5174 2297
5232 2300 2302
5226 2325 2299
5229 5226 2299
5231 5229 2299
5264 2302 2305
5264 5232 2302
5246 2304 2307
5264 2305 5247
5256 2307 2309
5249 5246 2307
5251 5249 2307
5254 5251 2307
5256 5254 2307
5258 2309 2311
5258 5256 2309
5262 2311 2314
5260 5258 2311
5262 5260 2311
5237 2313 2316
5240 2314 5238
5242 2314 5240
5262 2314 5242
5235 2316 2319
5237 2316 5235
5212 2318 2321
5235 2319 5214
5220 2321 2323
5215 5212 2321
5217 5215 2321
5220 5217 2321
5222 2323 2325
5222 5220 2323
5224 5222 2325
5226 5224 2325
2353 2327 2330
2361 2347 2328
2361 2328 2354
2353 2330 2332
2353 2332 2351
2375 2335 2338
2375 2368 2335
2376 2335 2368
2375 2338 2341
2365 2340 2343
2367 2340 2365
2374 2340 2367
2365 2343 2345
2363 2345 2347
2365 2345 2363
2363 2347 2361
2355 2351 2348
2358 2355 2348
2355 2353 2351
2361 2354 2357
2376 2368 2370
2376 2370 2372
2384 2379 2382
2405 2379 2384
2413 2399 2380
2413 2380 2406
2405 2384 2403
2427 2387 2390
2427 2420 2387
2428 2387 2420
2427 2390 2393
2417 2392 2395
2426 2392 2417
2417 2395 2397
2415 2397 2399
2417 2397 2415
2415 2399 2413
2410 2403 2400
2407 2405 2403
2410 2407 2403
2413 2406 2409
2426 2417 2419
2428 2420 2422
2428 2422 2424
2447 2433 2430
2465 2432 2434
2465 2434 2437
2493 2465 2437
4873 2439 2442
4875 2439 4873
4880 2439 4875
2448 2442 2444
4868 2442 2448
4870 2442 4868
4873 2442 4870
2448 2444 2446
4866 2448 2450
4868 2448 4866
4866 2450 4864
4886 4864 2450
2466 2453 2456
2466 2456 2458
2477 2459 2461
2476 2466 2458
2497 2461 2463
2477 2461 2475
2497 2475 2461
2495 2463 2465
2497 2463 2495
2495 2465 2493
2476 2468 2466
2481 2467 2469
2481 2478 2467
2473 2471 2468
2476 2473 2468
2515 2480 2482
2513 2505 2480
2515 2513 2480
2488 2482 2484
2520 2482 2488
2518 2515 2482
2520 2518 2482
2488 2484 2486
2522 2488 2491
2522 2520 2488
2506 2491 2499
2522 2491 2506
2505 2499 2501
2511 2499 2505
2509 2506 2499
2511 2509 2499
2505 2501 2503
2513 2511 2505
2535 2508 2510
2531 2523 2507
2533 2531 2507
2897 2510 2512
2899 2535 2510
2899 2510 2897
2895 2512 2514
2897 2512 2895
2895 2514 2517
2524 2516 2519
2895 2517 2526
2529 2519 2521
2527 2524 2519
2529 2527 2519
2531 2521 2523
2531 2529 2521
2562 2525 2528
2894 2525 2562
2832 2528 2530
2832 2562 2528
2841 2530 2532
2834 2832 2530
2841 2834 2530
2841 2532 2534
2843 2841 2534
2898 2843 2534
2653 2539 2536
2997 2538 2540
2655 2536 2644
2993 2645 2537
2655 2653 2536
2995 2993 2537
2651 2541 2539
3099 2540 2542
2653 2651 2539
3099 2997 2540
2649 2543 2541
3097 2542 2544
2651 2649 2541
3099 2542 3097
2548 2545 2543
3095 2544 2547
2550 2548 2543
2553 2550 2543
2646 2553 2543
2649 2646 2543
3097 2544 3095
3092 2546 2549
3095 2547 3093
3090 2549 2552
3092 2549 3090
3087 2551 2554
3090 2552 3088
2892 2555 2553
3085 2554 2557
2892 2553 2646
3087 2554 3085
2912 2558 2555
3082 2556 2559
2887 2884 2555
2914 2555 2884
2889 2887 2555
2892 2889 2555
2914 2912 2555
3085 2557 3083
2855 2560 2558
3080 2559 2561
2857 2855 2558
2860 2857 2558
2905 2860 2558
2907 2905 2558
2909 2907 2558
2912 2909 2558
3082 2559 3080
2894 2562 2560
3078 2561 2564
2852 2850 2560
2896 2560 2850
2855 2852 2560
2896 2894 2560
3080 2561 3078
2832 2565 2562
3075 2563 2566
3078 2564 3076
2829 2567 2565
3073 2566 2569
2832 2829 2565
3075 2566 3073
2827 2570 2567
3070 2568 2571
2829 2827 2567
3073 2569 3071
2824 2572 2570
3068 2571 2574
2827 2824 2570
3070 2571 3068
2819 2575 2572
3065 2573 2576
2822 2819 2572
2824 2822 2572
3068 2574 3066
2815 2577 2575
3063 2576 2578
2817 2815 2575
2819 2817 2575
3065 2576 3063
2813 2579 2577
3061 2578 2580
2815 2813 2577
3063 2578 3061
2810 2581 2579
3059 2580 2583
2813 2810 2579
3061 2580 3059
2805 2584 2581
3056 2582 2585
2808 2805 2581
2810 2808 2581
3059 2583 3057
2803 2586 2584
3054 2585 2588
2805 2803 2584
3056 2585 3054
2800 2589 2586
3051 2587 2590
2803 2800 2586
3054 2588 3052
2963 2591 2589
3049 2590 2593
2800 2798 2589
2963 2589 2798
3051 2590 3049
2777 2594 2591
3046 2592 2595
2959 2777 2591
2961 2959 2591
2963 2961 2591
3049 2593 3047
2772 2596 2594
3044 2595 2597
2775 2772 2594
2777 2775 2594
3046 2595 3044
2740 2598 2596
3042 2597 2600
2743 2740 2596
2745 2743 2596
2748 2745 2596
2977 2748 2596
2984 2596 2772
2979 2977 2596
2981 2979 2596
2984 2981 2596
3044 2597 3042
2738 2601 2598
3039 2599 2602
2740 2738 2598
3042 2600 3040
2608 2603 2601
3037 2602 2605
2735 2608 2601
2738 2735 2601
3039 2602 3037
2608 2606 2603
3034 2604 2607
3037 2605 3035
3032 2607 2610
3034 2607 3032
2735 2611 2608
3029 2609 2612
3032 2610 3030
2733 2613 2611
3027 2612 2614
2735 2733 2611
3029 2612 3027
2731 2615 2613
3025 2614 2616
2733 2731 2613
3027 2614 3025
2729 2617 2615
3023 2616 2619
2731 2729 2615
3025 2616 3023
2726 2620 2617
3020 2618 2621
2729 2726 2617
3023 2619 3021
2724 2622 2620
3018 2621 2624
2726 2724 2620
3020 2621 3018
2721 2625 2622
3015 2623 2626
2724 2721 2622
3018 2624 3016
2719 2627 2625
3013 2626 2629
2721 2719 2625
3015 2626 3013
2936 2630 2627
3010 2628 2631
2719 2716 2627
2941 2627 2716
2939 2936 2627
2941 2939 2627
3013 2629 3011
2691 2632 2630
3008 2631 2633
2693 2691 2630
2696 2693 2630
2698 2696 2630
2950 2698 2630
2952 2630 2936
2952 2950 2630
3010 2631 3008
2923 2634 2632
3006 2633 2635
2691 2688 2632
2923 2632 2688
3008 2633 3006
2663 2636 2634
3004 2635 2638
2665 2663 2634
2668 2665 2634
2934 2668 2634
2921 2918 2634
2934 2634 2918
2923 2921 2634
3006 2635 3004
2660 2639 2636
3001 2637 2640
2663 2660 2636
3004 2638 3002
2660 2641 2639
2999 2640 2643
3001 2640 2999
2658 2644 2641
2990 2642 2645
2660 2658 2641
2999 2643 2992
2658 2655 2644
2993 2990 2645
3209 2648 2650
3214 2893 2647
3214 2647 3208
3216 2650 2652
3216 3209 2650
3218 2652 2654
3218 3216 2652
3220 2654 2656
3220 3218 2654
3223 2657 2659
3222 3220 2656
3225 2659 2661
3225 3223 2659
3228 2662 2664
3227 3225 2661
3233 2664 2666
3233 3228 2664
3231 2667 2669
3233 2666 3230
2934 2670 2668
3235 2669 2671
3235 3231 2669
2934 2673 2670
3238 2672 2674
3237 3235 2671
2932 2675 2673
3240 2674 2676
2934 2932 2673
3240 3238 2674
2930 2677 2675
3242 2676 2678
2932 2930 2675
3242 3240 2676
2927 2679 2677
3244 2678 2680
2930 2927 2677
3244 3242 2678
2925 2681 2679
3246 2680 2682
2927 2925 2679
3246 3244 2680
2923 2683 2681
3248 2682 2684
2925 2923 2681
3248 3246 2682
2923 2686 2683
3251 2685 2687
3250 3248 2684
2923 2688 2686
3253 2687 2689
3253 3251 2687
3256 2690 2692
3255 3253 2689
3261 2692 2694
3261 3256 2692
3259 2695 2697
3261 2694 3258
3263 2697 2699
3263 3259 2697
2950 2701 2698
3266 2700 2702
3265 3263 2699
2945 2703 2701
3268 2702 2704
2948 2945 2701
2950 2948 2701
3268 3266 2702
2943 2705 2703
3270 2704 2706
2945 2943 2703
3270 3268 2704
2941 2707 2705
3272 2706 2708
2943 2941 2705
3272 3270 2706
2711 2709 2707
3274 2708 2710
2714 2711 2707
2941 2714 2707
3274 3272 2708
3276 2710 2712
3276 3274 2710
3279 2713 2715
3278 3276 2712
2941 2716 2714
3281 2715 2717
3281 3279 2715
3284 2718 2720
3283 3281 2717
3286 2720 2722
3286 3284 2720
3289 2723 2725
3288 3286 2722
3291 2725 2727
3291 3289 2725
3294 2728 2730
3293 3291 2727
3296 2730 2732
3296 3294 2730
3298 2732 2734
3298 3296 2732
3300 2734 2736
3300 3298 2734
3303 2737 2739
3302 3300 2736
3305 2739 2741
3305 3303 2739
3308 2742 2744
3307 3305 2741
3313 2744 2746
3313 3308 2744
3311 2747 2749
3313 2746 3310
2975 2750 2748
3315 2749 2751
2977 2975 2748
3315 3311 2749
2972 2753 2750
3318 2752 2754
2975 2972 2750
3317 3315 2751
2972 2755 2753
3320 2754 2756
3320 3318 2754
2988 2757 2755
3322 2756 2758
2988 2755 2972
3322 3320 2756
2986 2759 2757
3324 2758 2760
2988 2986 2757
3324 3322 2758
2767 2761 2759
3326 2760 2762
2770 2767 2759
2986 2770 2759
3326 3324 2760
2765 2763 2761
3328 2762 2764
2767 2765 2761
3328 3326 2762
3330 2764 2766
3330 3328 2764
3332 2766 2768
3332 3330 2766
3335 2769 2771
3334 3332 2768
2984 2772 2770
3337 2771 2773
2986 2984 2770
3337 3335 2771
3340 2774 2776
3339 3337 2773
3345 2776 2778
3345 3340 2776
2959 2780 2777
3343 2779 2781
3345 2778 3342
2957 2782 2780
3347 2781 2783
2959 2957 2780
3347 3343 2781
2954 2785 2782
3350 2784 2786
2957 2954 2782
3349 3347 2783
2954 2787 2785
3352 2786 2788
3352 3350 2786
2970 2789 2787
3354 2788 2790
2970 2787 2954
3354 3352 2788
2795 2791 2789
3358 2790 2792
2968 2795 2789
2970 2968 2789
3356 3354 2790
3358 3356 2790
2795 2793 2791
3360 2792 2794
3360 3358 2792
3360 2794 2796
2966 2798 2795
3363 2797 2799
2968 2966 2795
3362 3360 2796
3365 2799 2801
2966 2963 2798
3365 3363 2799
3368 2802 2804
3367 3365 2801
3370 2804 2806
3370 3368 2804
3373 2807 2809
3372 3370 2806
3375 2809 2811
3375 3373 2809
3378 2812 2814
3377 3375 2811
3380 2814 2816
3380 3378 2814
3382 2816 2818
3382 3380 2816
3384 2818 2820
3384 3382 2818
3387 2821 2823
3386 3384 2820
3389 2823 2825
3389 3387 2823
3392 2826 2828
3391 3389 2825
3397 2828 2830
3397 3392 2828
3395 2831 2833
3397 2830 3394
3399 2833 2835
3399 3395 2833
2839 2837 2834
3402 2836 2838
2841 2839 2834
3401 3399 2835
3406 2838 2840
3404 3402 2838
3406 3404 2838
3408 2840 2842
3408 3406 2840
3408 2842 2844
2898 2845 2843
3410 2844 2846
3410 3408 2844
2898 2847 2845
3412 2846 2848
3412 3410 2846
2898 2850 2847
3415 2849 2851
3414 3412 2848
3417 2851 2853
2898 2896 2850
3417 3415 2851
3420 2854 2856
3419 3417 2853
3425 2856 2858
3425 3420 2856
3423 2859 2861
3425 2858 3422
2871 2862 2860
3427 2861 2863
2905 2871 2860
3427 3423 2861
2869 2865 2862
3430 2864 2866
2871 2869 2862
3429 3427 2863
2869 2867 2865
3432 2866 2868
3432 3430 2866
3434 2868 2870
3434 3432 2868
3436 2870 2872
3436 3434 2870
2903 2873 2871
3438 2872 2874
2905 2903 2871
3438 3436 2872
2900 2875 2873
3440 2874 2876
2903 2900 2873
3440 3438 2874
2916 2877 2875
3442 2876 2878
2916 2875 2900
3442 3440 2876
2916 2879 2877
3444 2878 2880
3444 3442 2878
2914 2882 2879
3447 2881 2883
2916 2914 2879
3446 3444 2880
2914 2884 2882
3449 2883 2885
3449 3447 2883
3452 2886 2888
3451 3449 2885
3454 2888 2891
3454 3452 2888
3211 2890 2893
3454 2891 3212
3214 3211 2893
4752 2902 2904
4749 2917 2901
4751 4749 2901
4756 2904 2906
4754 4752 2904
4756 4754 2904
4758 2906 2908
4758 4756 2906
4758 2908 2911
4742 2910 2913
4758 2911 4743
4747 2913 2915
4745 4742 2913
4747 4745 2913
4749 2915 2917
4749 4747 2915
4792 2920 2922
4789 2935 2919
4791 4789 2919
4796 2922 2924
4794 4792 2922
4796 4794 2922
4798 2924 2926
4798 4796 2924
4798 2926 2929
4782 2928 2931
4798 2929 4783
4787 2931 2933
4785 4782 2931
4787 4785 2931
4789 2933 2935
4789 4787 2933
4832 2938 2940
4829 2953 2937
4831 4829 2937
4836 2940 2942
4834 4832 2940
4836 4834 2940
4838 2942 2944
4838 4836 2942
4838 2944 2947
4822 2946 2949
4838 2947 4823
4827 2949 2951
4825 4822 2949
4827 4825 2949
4829 2951 2953
4829 4827 2951
4872 2956 2958
4869 2971 2955
4871 4869 2955
4876 2958 2960
4874 4872 2958
4876 4874 2958
4878 2960 2962
4878 4876 2960
4878 2962 2965
4862 2964 2967
4878 2965 4863
4867 2967 2969
4865 4862 2967
4867 4865 2967
4869 2969 2971
4869 4867 2969
4898 2974 2976
4895 2989 2973
4897 4895 2973
4902 2976 2978
4900 4898 2976
4902 4900 2976
4904 2978 2980
4904 4902 2978
4904 2980 2983
4888 2982 2985
4904 2983 4889
4893 2985 2987
4891 4888 2985
4893 4891 2985
4895 2987 2989
4895 4893 2987
3125 2991 2994
3122 2998 2991
3125 3122 2991
3127 2994 2996
3127 3125 2994
3130 2996 3098
3130 3127 2996
3117 3000 2998
3120 3117 2998
3122 3120 2998
3115 3003 3000
3117 3115 3000
3115 3005 3003
3113 3007 3005
3115 3113 3005
3110 3009 3007
3113 3110 3007
3108 3012 3009
3110 3108 3009
3105 3014 3012
3108 3105 3012
3103 3017 3014
3105 3103 3014
3100 3019 3017
3103 3100 3017
3206 3022 3019
3206 3019 3100
3204 3024 3022
3206 3204 3022
3202 3026 3024
3204 3202 3024
3031 3028 3026
3033 3031 3026
3199 3033 3026
3202 3199 3026
3197 3036 3033
3199 3197 3033
3192 3038 3036
3194 3192 3036
3197 3194 3036
3189 3041 3038
3192 3189 3038
3187 3043 3041
3189 3187 3041
3185 3045 3043
3187 3185 3043
3182 3048 3045
3185 3182 3045
3182 3050 3048
3180 3053 3050
3182 3180 3050
3175 3055 3053
3177 3175 3053
3180 3177 3053
3172 3058 3055
3175 3172 3055
3168 3060 3058
3170 3168 3058
3172 3170 3058
3166 3062 3060
3168 3166 3060
3163 3064 3062
3166 3163 3062
3158 3067 3064
3161 3158 3064
3163 3161 3064
3156 3069 3067
3158 3156 3067
3153 3072 3069
3156 3153 3069
3151 3074 3072
3153 3151 3072
3151 3077 3074
3149 3079 3077
3151 3149 3077
3146 3081 3079
3149 3146 3079
3141 3084 3081
3144 3141 3081
3146 3144 3081
3139 3086 3084
3141 3139 3084
3091 3089 3086
3136 3091 3086
3139 3136 3086
3136 3094 3091
3134 3096 3094
3136 3134 3094
3132 3098 3096
3134 3132 3096
3132 3130 3098
3217 3215 3210
3217 3213 3215
3455 3213 3217
3455 3217 3219
3450 3219 3221
3453 3219 3450
3455 3219 3453
3437 3221 3224
3439 3221 3437
3441 3221 3439
3443 3221 3441
3445 3221 3443
3448 3221 3445
3450 3221 3448
3426 3224 3226
3435 3224 3426
3437 3224 3435
3426 3226 3229
3421 3229 3234
3426 3229 3421
3409 3234 3232
3388 3232 3236
3390 3232 3388
3405 3232 3390
3407 3232 3405
3409 3232 3407
3411 3234 3409
3413 3234 3411
3416 3234 3413
3418 3234 3416
3421 3234 3418
3388 3236 3239
3388 3239 3241
3388 3241 3243
3388 3243 3245
3388 3245 3247
3471 3247 3249
3471 3388 3247
3473 3249 3252
3473 3471 3249
3473 3252 3254
3475 3254 3257
3475 3473 3254
3477 3257 3262
3477 3475 3257
3479 3262 3260
3484 3260 3264
3482 3479 3260
3484 3482 3260
3479 3477 3262
3484 3264 3267
3484 3267 3269
3486 3269 3271
3486 3484 3269
3488 3271 3273
3488 3486 3271
3488 3273 3275
3488 3275 3277
3488 3277 3280
3488 3280 3282
3381 3282 3285
3488 3282 3381
3379 3285 3287
3381 3285 3379
3355 3287 3290
3357 3287 3355
3359 3287 3357
3361 3287 3359
3376 3287 3361
3379 3287 3376
3344 3290 3292
3348 3290 3344
3351 3290 3348
3353 3290 3351
3355 3290 3353
3344 3292 3295
3346 3295 3297
3346 3344 3295
3327 3297 3299
3329 3297 3327
3331 3297 3329
3346 3297 3331
3312 3299 3301
3316 3299 3312
3319 3299 3316
3321 3299 3319
3323 3299 3321
3325 3299 3323
3327 3299 3325
3309 3301 3304
3314 3301 3309
3314 3312 3301
3309 3304 3306
3346 3331 3333
3346 3333 3336
3341 3336 3338
3346 3336 3341
3374 3361 3364
3376 3361 3374
3369 3364 3366
3371 3364 3369
3374 3364 3371
3458 3381 3383
3458 3456 3381
3488 3381 3456
3462 3383 3385
3460 3458 3383
3462 3460 3383
3469 3385 3388
3465 3462 3385
3467 3465 3385
3469 3467 3385
3471 3469 3388
3405 3390 3393
3405 3393 3398
3403 3398 3396
3403 3396 3400
3405 3398 3403
3433 3426 3424
3431 3424 3428
3433 3424 3431
3435 3426 3433
3490 3457 3459
3515 3489 3457
3515 3457 3490
3495 3459 3461
3493 3490 3459
3495 3493 3459
3501 3461 3463
3498 3495 3461
3501 3498 3461
3505 3464 3466
3503 3501 3463
3630 3466 3468
3630 3505 3466
3628 3468 3470
3630 3468 3628
3626 3470 3472
3628 3470 3626
3624 3472 3474
3626 3472 3624
4698 3474 3476
4698 3624 3474
4725 3476 3478
4727 4698 3476
4727 3476 4725
3632 3478 3481
3635 3478 3632
4725 3478 3635
3506 3480 3483
3632 3481 3508
3509 3483 3485
3509 3506 3483
3511 3485 3487
3511 3509 3485
3513 3487 3489
3513 3511 3487
3515 3513 3489
3523 3492 3494
3517 3515 3490
3522 3518 3491
3560 3494 3496
3523 3494 3521
3537 3521 3494
3537 3494 3534
3557 3534 3494
3560 3557 3494
3574 3497 3499
3560 3496 3555
3574 3556 3497
3603 3500 3502
3601 3575 3500
3603 3601 3500
3603 3502 3504
3605 3603 3504
3629 3605 3504
3590 3507 3510
3618 3507 3590
3631 3507 3618
3593 3510 3512
3593 3590 3510
3595 3512 3514
3595 3593 3512
3597 3514 3516
3597 3595 3514
3599 3516 3519
3599 3597 3516
3524 3518 3522
3601 3519 3525
3601 3599 3519
3524 3522 3520
3526 3524 3520
3536 3526 3520
3601 3525 3527
3536 3528 3526
3601 3527 3529
3533 3530 3528
3601 3529 3532
3536 3533 3528
3539 3531 3535
3576 3531 3539
3664 3532 3577
3664 3601 3532
3557 3538 3534
3569 3540 3538
3576 3539 3541
3569 3538 3557
3564 3542 3540
3578 3541 3543
3567 3564 3540
3569 3567 3540
3578 3576 3541
3555 3544 3542
3580 3543 3545
3564 3555 3542
3580 3578 3543
3555 3546 3544
3582 3545 3547
3582 3580 3545
3552 3548 3546
3584 3547 3549
3555 3552 3546
3584 3582 3547
3552 3550 3548
3586 3549 3551
3586 3584 3549
3588 3551 3554
3588 3586 3551
3571 3553 3556
3588 3554 3572
3562 3560 3555
3564 3562 3555
3574 3571 3556
3665 3558 3561
3668 3570 3559
3668 3559 3666
3675 3561 3563
3677 3665 3561
3677 3561 3675
3675 3563 3565
3673 3566 3568
3675 3565 3672
3668 3568 3570
3670 3568 3668
3673 3568 3670
3585 3573 3575
3587 3573 3585
3589 3573 3587
3585 3575 3583
3671 3583 3575
3676 3575 3601
3674 3671 3575
3676 3674 3575
3667 3577 3579
3667 3664 3577
3669 3579 3581
3669 3667 3579
3671 3581 3583
3671 3669 3581
3709 3592 3594
3705 3619 3591
3707 3705 3591
3749 3594 3596
3751 3709 3594
3751 3594 3749
3749 3596 3598
3747 3598 3600
3749 3598 3747
3745 3600 3602
3747 3600 3745
3741 3602 3604
3676 3601 3664
3743 3602 3741
3745 3602 3743
3741 3604 3607
3629 3608 3605
3692 3606 3609
3741 3607 3694
3627 3610 3608
3697 3609 3611
3629 3627 3608
3695 3692 3609
3697 3695 3609
3625 3612 3610
3697 3611 3613
3627 3625 3610
3623 3614 3612
3699 3613 3615
3625 3623 3612
3699 3697 3613
3620 3616 3614
3701 3615 3617
3623 3620 3614
3701 3699 3615
3633 3618 3616
3705 3617 3619
3662 3616 3620
3636 3633 3616
3690 3636 3616
3658 3655 3616
3678 3616 3655
3660 3658 3616
3662 3660 3616
3690 3616 3678
3703 3701 3617
3705 3703 3617
3633 3631 3618
4698 3622 3624
4694 3663 3621
4696 4694 3621
4724 3634 3637
3645 3638 3636
4722 3637 3640
3647 3645 3636
3685 3647 3636
3688 3685 3636
3690 3688 3636
4724 3637 4722
3643 3641 3638
4719 3639 3642
3645 3643 3638
4722 3640 4720
4717 3642 3644
4719 3642 4717
4715 3644 3646
4717 3644 4715
4713 3646 3648
4715 3646 4713
3685 3649 3647
4711 3648 3650
4713 3648 4711
3683 3651 3649
4709 3650 3652
3685 3683 3649
4711 3650 4709
3681 3653 3651
4707 3652 3654
3683 3681 3651
4709 3652 4707
3678 3655 3653
4705 3654 3657
3681 3678 3653
4707 3654 4705
4699 3656 3659
4705 3657 4701
4702 3659 3661
4702 4699 3659
4692 3661 3663
4702 3661 4692
4694 4692 3663
4729 3679 3682
4732 3691 3680
4732 3680 4730
4739 3682 3684
4741 4729 3682
4741 3682 4739
4739 3684 3686
4737 3687 3689
4739 3686 4736
4732 3689 3691
4734 3689 4732
4737 3689 4734
3713 3693 3696
3738 3693 3713
3740 3693 3738
3715 3696 3698
3715 3713 3696
3717 3698 3700
3717 3715 3698
3717 3700 3702
3719 3702 3704
3719 3717 3702
3721 3704 3706
3721 3719 3704
3723 3706 3708
3723 3721 3706
3728 3723 3708
3750 3728 3708
3738 3713 3710
3769 3712 3714
3766 3739 3711
3768 3766 3711
3774 3714 3716
3772 3769 3714
3774 3772 3714
3774 3716 3718
3776 3718 3720
3776 3774 3718
3778 3720 3722
3778 3776 3720
3780 3722 3724
3780 3778 3722
3728 3725 3723
3782 3724 3727
3782 3780 3724
3752 3726 3729
3782 3727 3753
3750 3730 3728
3758 3729 3731
3756 3752 3729
3758 3756 3729
3748 3732 3730
3758 3731 3733
3750 3748 3730
3744 3734 3732
3760 3733 3735
3746 3744 3732
3748 3746 3732
3760 3758 3733
3742 3736 3734
3762 3735 3737
3744 3742 3734
3762 3760 3735
3740 3738 3736
3764 3737 3739
3742 3740 3736
3764 3762 3737
3766 3764 3739
3801 3755 3757
3797 3783 3754
3799 3797 3754
3813 3757 3759
3813 3801 3757
3811 3759 3761
3813 3759 3811
3809 3761 3763
3811 3761 3809
3807 3763 3765
3809 3763 3807
3803 3765 3767
3805 3765 3803
3807 3765 3805
3803 3767 3771
3784 3770 3773
3803 3771 3786
3787 3773 3775
3787 3784 3773
3789 3775 3777
3789 3787 3775
3791 3777 3779
3791 3789 3777
3793 3779 3781
3793 3791 3779
3797 3781 3783
3795 3793 3781
3797 3795 3781
3814 3785 3788
3814 3802 3785
3817 3788 3790
3817 3814 3788
3819 3790 3792
3819 3817 3790
3821 3792 3794
3821 3819 3792
3825 3794 3796
3823 3821 3794
3825 3823 3794
3827 3796 3798
3827 3825 3796
3829 3798 3800
3829 3827 3798
3829 3800 3812
3842 3804 3802
3842 3802 3814
3840 3806 3804
3842 3840 3804
3836 3808 3806
3838 3836 3806
3840 3838 3806
3834 3810 3808
3836 3834 3808
3832 3812 3810
3834 3832 3810
3832 3829 3812
3861 3816 3818
3857 3843 3815
3859 3857 3815
3913 3818 3820
3915 3861 3818
3915 3818 3913
3913 3820 3822
3911 3822 3824
3913 3822 3911
3909 3824 3826
3911 3824 3909
3905 3826 3828
3907 3826 3905
3909 3826 3907
3905 3828 3831
3844 3830 3833
3905 3831 3846
3849 3833 3835
3847 3844 3833
3849 3847 3833
3849 3835 3837
3851 3837 3839
3851 3849 3837
3853 3839 3841
3853 3851 3839
3857 3841 3843
3855 3853 3841
3857 3855 3841
3997 3845 3848
3995 3904 3845
3997 3995 3845
3999 3848 3850
3999 3997 3848
4001 3850 3852
4001 3999 3850
4014 3852 3854
4004 4001 3852
4006 4004 3852
4014 4006 3852
4017 3854 3856
4017 4014 3854
4021 3856 3858
4019 4017 3856
4021 4019 3856
4025 3858 3860
4023 4021 3858
4025 4023 3858
4027 3860 3914
4027 4025 3860
4051 3865 3862
4097 3864 3866
4053 3862 3902
4094 3903 3863
4053 4051 3862
4096 4094 3863
4049 3867 3865
4102 3866 3868
4051 4049 3865
4100 4097 3866
4102 4100 3866
4046 3869 3867
4104 3868 3870
4049 4046 3867
4104 4102 3868
3978 3871 3869
4104 3870 3872
3925 3923 3869
3978 3869 3923
4044 3925 3869
4046 4044 3869
3875 3873 3871
4106 3872 3874
3975 3875 3871
3978 3975 3871
4106 4104 3872
4108 3874 3876
4108 4106 3874
3975 3877 3875
4110 3876 3878
4110 4108 3876
3973 3879 3877
4112 3878 3880
3975 3973 3877
4112 4110 3878
3971 3881 3879
4116 3880 3882
3973 3971 3879
4114 4112 3880
4116 4114 3880
3967 3883 3881
4116 3882 3885
3969 3967 3881
3971 3969 3881
3965 3886 3883
4074 3884 3887
3967 3965 3883
4116 3885 4075
3963 3888 3886
4080 3887 3889
3965 3963 3886
4078 4074 3887
4080 4078 3887
4012 3890 3888
4082 3889 3891
3963 3960 3888
4012 3888 3960
4082 4080 3889
4061 3892 3890
4082 3891 3893
3956 3954 3890
4064 3890 3954
4012 3956 3890
4064 4061 3890
3896 3894 3892
4084 3893 3895
4061 3896 3892
4084 4082 3893
4086 3895 3897
4086 4084 3895
4061 3898 3896
4088 3897 3899
4088 4086 3897
4059 3900 3898
4090 3899 3901
4061 4059 3898
4090 4088 3899
4057 3902 3900
4094 3901 3903
4059 4057 3900
4092 4090 3901
4094 4092 3901
4055 4053 3902
4057 4055 3902
3995 3906 3904
3993 3908 3906
3995 3993 3906
3990 3910 3908
3993 3990 3908
4033 3912 3910
4036 3910 3990
4036 4033 3910
4031 3914 3912
4033 4031 3912
4029 4027 3914
4031 4029 3914
3980 3919 3916
4354 3918 3920
3982 3916 3936
4351 3937 3917
3982 3980 3916
4353 4351 3917
3980 3921 3919
4358 3920 3922
4356 4354 3920
4358 4356 3920
3978 3923 3921
4360 3922 3924
3980 3978 3921
4360 4358 3922
4362 3924 3926
4362 4360 3924
4042 3927 3925
4362 3926 3929
4044 4042 3925
4040 3930 3927
4342 3928 3931
4042 4040 3927
4362 3929 4343
4040 3932 3930
4347 3931 3933
4345 4342 3931
4347 4345 3931
3984 3934 3932
4349 3933 3935
4038 3984 3932
4040 4038 3932
4349 4347 3933
3982 3936 3934
4351 3935 3937
3984 3982 3934
4351 4349 3935
4010 3941 3938
4376 3940 3942
4012 3938 3958
4373 3959 3939
4012 4010 3938
4375 4373 3939
4008 3943 3941
4380 3942 3944
4010 4008 3941
4378 4376 3942
4380 4378 3942
4070 3945 3943
4382 3944 3946
4008 4006 3943
4070 3943 4006
4382 4380 3944
4068 3947 3945
4384 3946 3948
4070 4068 3945
4384 4382 3946
4068 3949 3947
4384 3948 3951
4066 3952 3949
4364 3950 3953
4068 4066 3949
4384 3951 4365
4066 3954 3952
4369 3953 3955
4367 4364 3953
4369 4367 3953
4371 3955 3957
4066 4064 3954
4371 4369 3955
4012 3958 3956
4373 3957 3959
4373 4371 3957
4396 3962 3964
4392 4013 3961
4394 4392 3961
4523 3964 3966
4523 4396 3964
4525 3966 3968
4525 4523 3966
4515 3968 3970
4525 3968 4515
4519 3970 3972
4517 4515 3970
4519 4517 3970
4519 3972 3974
4521 3974 3977
4521 4519 3974
4499 3976 3979
4521 3977 4500
4497 3979 3981
4499 3979 4497
4495 3981 3983
4497 3981 4495
4493 3983 3985
4495 3983 4493
4038 3986 3984
4491 3985 3987
4493 3985 4491
4038 3988 3986
4489 3987 3989
4491 3987 4489
4036 3990 3988
4489 3989 3992
4038 4036 3988
4486 3991 3994
4489 3992 4487
4514 3994 3996
4514 4486 3994
4512 3996 3998
4514 3996 4512
4510 3998 4000
4512 3998 4510
4508 4000 4003
4510 4000 4508
4398 4002 4005
4508 4003 4401
4402 4005 4007
4402 4398 4005
4386 4007 4009
4072 4006 4014
4072 4070 4006
4402 4007 4386
4388 4009 4011
4388 4386 4009
4390 4011 4013
4390 4388 4011
4392 4390 4013
4541 4016 4018
4537 4073 4015
4539 4537 4015
4678 4018 4020
4676 4541 4018
4678 4676 4018
4678 4020 4022
4680 4022 4024
4680 4678 4022
4682 4024 4026
4682 4680 4024
4684 4026 4028
4684 4682 4026
4670 4028 4030
4684 4028 4670
4672 4030 4032
4672 4670 4030
4674 4032 4035
4674 4672 4032
4648 4034 4037
4674 4035 4649
4646 4037 4039
4648 4037 4646
4644 4039 4041
4646 4039 4644
4642 4041 4043
4644 4041 4642
4640 4043 4045
4642 4043 4640
4638 4045 4048
4640 4045 4638
4635 4047 4050
4638 4048 4636
4669 4050 4052
4669 4635 4050
4667 4052 4054
4669 4052 4667
4665 4054 4056
4667 4054 4665
4661 4056 4058
4663 4056 4661
4665 4056 4663
4661 4058 4060
4659 4060 4063
4661 4060 4659
4543 4062 4065
4659 4063 4546
4547 4065 4067
4547 4543 4065
4549 4067 4069
4549 4547 4067
4533 4069 4071
4549 4069 4533
4535 4071 4073
4535 4533 4071
4537 4535 4073
4141 4077 4079
4138 4117 4076
4140 4138 4076
4144 4079 4081
4144 4141 4079
4146 4081 4083
4146 4144 4081
4148 4083 4085
4148 4146 4083
4150 4085 4087
4150 4148 4085
4152 4087 4089
4152 4150 4087
4154 4089 4091
4154 4152 4089
4156 4091 4093
4156 4154 4091
4158 4093 4095
4158 4156 4093
4160 4095 4099
4160 4158 4095
4118 4098 4101
4160 4099 4119
4122 4101 4103
4122 4118 4101
4124 4103 4105
4124 4122 4103
4126 4105 4107
4126 4124 4105
4128 4107 4109
4128 4126 4107
4130 4109 4111
4130 4128 4109
4132 4111 4113
4132 4130 4111
4134 4113 4115
4134 4132 4113
4136 4115 4117
4136 4134 4115
4138 4136 4117
4184 4121 4123
4181 4161 4120
4183 4181 4120
4188 4123 4125
4186 4184 4123
4188 4186 4123
4188 4125 4127
4190 4127 4129
4190 4188 4127
4192 4129 4131
4192 4190 4129
4194 4131 4133
4194 4192 4131
4196 4133 4135
4196 4194 4133
4200 4135 4137
4198 4196 4135
4200 4198 4135
4202 4137 4139
4202 4200 4137
4202 4139 4143
4162 4142 4145
4202 4143 4163
4167 4145 4147
4165 4162 4145
4167 4165 4145
4167 4147 4149
4169 4149 4151
4169 4167 4149
4171 4151 4153
4171 4169 4151
4173 4153 4155
4173 4171 4153
4175 4155 4157
4175 4173 4155
4179 4157 4159
4177 4175 4157
4179 4177 4157
4181 4159 4161
4181 4179 4159
4225 4164 4166
4223 4203 4164
4225 4223 4164
4230 4166 4168
4228 4225 4166
4230 4228 4166
4232 4168 4170
4232 4230 4168
4234 4170 4172
4234 4232 4170
4236 4172 4174
4236 4234 4172
4236 4174 4176
4238 4176 4178
4238 4236 4176
4240 4178 4180
4240 4238 4178
4242 4180 4182
4242 4240 4180
4244 4182 4185
4244 4242 4182
4204 4185 4187
4244 4185 4204
4209 4187 4189
4207 4204 4187
4209 4207 4187
4211 4189 4191
4211 4209 4189
4213 4191 4193
4213 4211 4191
4215 4193 4195
4215 4213 4193
4215 4195 4197
4217 4197 4199
4217 4215 4197
4219 4199 4201
4219 4217 4199
4221 4201 4203
4221 4219 4201
4223 4221 4203
4271 4206 4208
4266 4245 4205
4268 4266 4205
4335 4208 4210
4337 4271 4208
4337 4208 4335
4333 4210 4212
4335 4210 4333
4333 4212 4214
4331 4214 4216
4333 4214 4331
4329 4216 4218
4331 4216 4329
4327 4218 4220
4329 4218 4327
4325 4220 4222
4327 4220 4325
4321 4222 4224
4323 4222 4321
4325 4222 4323
4321 4224 4227
4246 4226 4229
4321 4227 4249
4252 4229 4231
4250 4246 4229
4252 4250 4229
4254 4231 4233
4254 4252 4231
4254 4233 4235
4256 4235 4237
4256 4254 4235
4258 4237 4239
4258 4256 4237
4260 4239 4241
4260 4258 4239
4262 4241 4243
4262 4260 4241
4266 4243 4245
4264 4262 4243
4266 4264 4243
4272 4247 4251
4318 4248 4273
4320 4248 4318
4278 4251 4253
4274 4272 4251
4278 4274 4251
4280 4253 4255
4280 4278 4253
4282 4255 4257
4282 4280 4255
4284 4257 4259
4284 4282 4257
4286 4259 4261
4286 4284 4259
4288 4261 4263
4288 4286 4261
4290 4263 4265
4290 4288 4263
4292 4265 4267
4292 4290 4265
4294 4267 4269
4294 4292 4267
4300 4294 4269
4336 4301 4270
4318 4273 4275
4339 4277 4279
4300 4296 4294
4336 4297 4301
4336 4302 4297
4340 4298 4303
4334 4304 4302
4336 4334 4302
4332 4306 4304
4334 4332 4304
4330 4308 4306
4332 4330 4306
4328 4310 4308
4330 4328 4308
4326 4312 4310
4328 4326 4310
4324 4314 4312
4326 4324 4312
4322 4316 4314
4324 4322 4314
4320 4318 4316
4322 4320 4316
4355 4344 4346
4357 4344 4355
4363 4344 4357
4352 4346 4348
4355 4346 4352
4352 4348 4350
4363 4357 4359
4363 4359 4361
4377 4366 4368
4379 4366 4377
4385 4366 4379
4374 4368 4370
4377 4368 4374
4374 4370 4372
4385 4379 4381
4385 4381 4383
4422 4387 4389
4423 4403 4387
4423 4387 4422
4421 4389 4391
4422 4389 4421
4420 4391 4393
4421 4391 4420
4419 4393 4395
4420 4393 4419
4419 4395 4415
4524 4417 4397
4424 4399 4403
4502 4400 4426
4507 4400 4502
4424 4403 4423
4422 4406 4404
4446 4405 4407
4423 4422 4404
4431 4423 4404
4446 4432 4405
4413 4407 4409
4421 4408 4406
4446 4407 4413
4422 4421 4406
4413 4409 4411
4420 4410 4408
4421 4420 4408
4415 4412 4410
4419 4415 4410
4420 4419 4410
4532 4414 4417
4532 4447 4414
4532 4417 4524
4428 4424 4423
4431 4428 4423
4449 4426 4430
4502 4426 4449
4446 4429 4432
4446 4444 4429
4448 4429 4444
4467 4436 4433
4482 4435 4437
4469 4467 4433
4479 4470 4434
4480 4479 4434
4456 4438 4436
4528 4437 4439
4459 4456 4436
4461 4459 4436
4463 4461 4436
4465 4463 4436
4467 4465 4436
4527 4482 4437
4528 4527 4437
4454 4440 4438
4529 4439 4441
4456 4454 4438
4529 4528 4439
4450 4442 4440
4530 4441 4443
4452 4450 4440
4454 4452 4440
4530 4529 4441
4448 4444 4442
4531 4443 4445
4450 4448 4442
4531 4530 4443
4532 4445 4447
4532 4531 4445
4503 4449 4451
4503 4502 4449
4504 4451 4453
4504 4503 4451
4505 4453 4455
4505 4504 4453
4506 4455 4458
4506 4505 4455
4471 4457 4460
4506 4458 4473
4475 4460 4462
4475 4471 4460
4475 4462 4464
4476 4464 4466
4476 4475 4464
4477 4466 4468
4477 4476 4466
4478 4468 4470
4478 4477 4468
4479 4478 4470
4484 4471 4475
4513 4473 4485
4513 4506 4473
4490 4475 4476
4488 4484 4475
4490 4488 4475
4492 4476 4477
4492 4490 4476
4494 4477 4478
4494 4492 4477
4496 4478 4479
4496 4494 4478
4496 4479 4480
4498 4496 4480
4527 4501 4482
4527 4522 4501
4507 4502 4503
4509 4503 4504
4509 4507 4503
4511 4504 4505
4511 4509 4504
4513 4505 4506
4513 4511 4505
4530 4516 4518
4531 4526 4516
4531 4516 4530
4529 4518 4520
4530 4518 4529
4528 4520 4522
4529 4520 4528
4528 4522 4527
4532 4524 4526
4532 4526 4531
4565 4534 4536
4566 4550 4534
4566 4534 4565
4564 4536 4538
4565 4536 4564
4564 4538 4540
4564 4540 4560
4677 4562 4542
4569 4544 4548
4651 4545 4571
4658 4545 4651
4567 4548 4550
4568 4548 4567
4569 4548 4568
4567 4550 4566
4565 4553 4551
4595 4552 4554
4566 4565 4551
4578 4566 4551
4595 4579 4552
4564 4555 4553
4595 4554 4556
4565 4564 4553
4560 4557 4555
4595 4556 4558
4564 4560 4555
4691 4559 4562
4597 4558 4593
4691 4594 4559
4597 4595 4558
4691 4562 4677
4578 4567 4566
4576 4568 4567
4578 4576 4567
4573 4569 4568
4576 4573 4568
4596 4571 4575
4651 4571 4596
4579 4574 4577
4595 4574 4579
4603 4583 4580
4631 4582 4584
4605 4603 4580
4618 4605 4580
4628 4619 4581
4629 4628 4581
4603 4585 4583
4686 4584 4586
4686 4631 4584
4601 4587 4585
4687 4586 4588
4603 4601 4585
4687 4686 4586
4599 4589 4587
4688 4588 4590
4601 4599 4587
4688 4687 4588
4599 4591 4589
4689 4590 4592
4689 4688 4590
4597 4593 4591
4690 4592 4594
4599 4597 4591
4690 4689 4592
4691 4690 4594
4652 4596 4598
4652 4651 4596
4653 4598 4600
4653 4652 4598
4654 4600 4602
4654 4653 4600
4655 4602 4604
4655 4654 4602
4656 4604 4606
4656 4655 4604
4614 4607 4605
4657 4606 4609
4616 4614 4605
4618 4616 4605
4657 4656 4606
4612 4610 4607
4620 4608 4611
4614 4612 4607
4657 4609 4622
4625 4611 4613
4624 4620 4611
4625 4624 4611
4626 4613 4615
4626 4625 4613
4627 4615 4617
4627 4626 4615
4628 4617 4619
4628 4627 4617
4633 4620 4624
4668 4622 4634
4668 4657 4622
4637 4624 4625
4637 4633 4624
4639 4625 4626
4639 4637 4625
4641 4626 4627
4641 4639 4626
4643 4627 4628
4643 4641 4627
4645 4628 4629
4645 4643 4628
4647 4645 4629
4686 4650 4631
4686 4675 4650
4658 4651 4652
4660 4652 4653
4660 4658 4652
4662 4653 4654
4662 4660 4653
4664 4654 4655
4664 4662 4654
4666 4655 4656
4666 4664 4655
4668 4656 4657
4668 4666 4656
4687 4671 4673
4688 4685 4671
4688 4671 4687
4686 4673 4675
4687 4673 4686
4691 4677 4679
4690 4679 4681
4691 4679 4690
4690 4681 4683
4689 4683 4685
4690 4683 4689
4689 4685 4688
4726 4693 4695
4726 4703 4693
4726 4695 4697
4726 4700 4703
4728 4704 4700
4728 4700 4726
4740 4706 4704
4740 4704 4728
4735 4708 4706
4738 4735 4706
4740 4738 4706
4721 4710 4708
4735 4721 4708
4721 4712 4710
4718 4714 4712
4721 4718 4712
4718 4716 4714
4731 4723 4721
4733 4731 4721
4735 4733 4721
4731 4726 4723
4731 4728 4726
4771 4744 4746
4769 4759 4744
4771 4769 4744
4774 4746 4748
4774 4771 4746
4780 4748 4750
4780 4774 4748
4780 4750 4753
4760 4753 4755
4780 4753 4760
4763 4755 4757
4763 4760 4755
4769 4757 4759
4769 4763 4757
4767 4765 4763
4769 4767 4763
4778 4776 4774
4780 4778 4774
4811 4784 4786
4809 4799 4784
4811 4809 4784
4814 4786 4788
4814 4811 4786
4820 4788 4790
4820 4814 4788
4820 4790 4793
4800 4793 4795
4820 4793 4800
4803 4795 4797
4803 4800 4795
4809 4797 4799
4809 4803 4797
4807 4805 4803
4809 4807 4803
4818 4816 4814
4820 4818 4814
4851 4824 4826
4849 4839 4824
4851 4849 4824
4854 4826 4828
4854 4851 4826
4860 4828 4830
4860 4854 4828
4860 4830 4833
4840 4833 4835
4860 4833 4840
4843 4835 4837
4843 4840 4835
4849 4837 4839
4849 4843 4837
4847 4845 4843
4849 4847 4843
4858 4856 4854
4860 4858 4854
4886 4879 4864
4880 4875 4877
4886 4877 4879
4886 4880 4877
4884 4882 4880
4886 4884 4880
4917 4890 4892
4915 4905 4890
4917 4915 4890
4920 4892 4894
4920 4917 4892
4926 4894 4896
4926 4920 4894
4926 4896 4899
4906 4899 4901
4926 4899 4906
4909 4901 4903
4909 4906 4901
4915 4903 4905
4915 4909 4903
4913 4911 4909
4915 4913 4909
4924 4922 4920
4926 4924 4920
4952 4929 4932
4952 4932 4934
4985 4935 4937
4954 4952 4934
4962 4954 4934
4985 4963 4935
4983 4937 4939
4985 4937 4983
4979 4939 4941
4981 4939 4979
4983 4939 4981
4977 4941 4943
4979 4941 4977
4973 4943 4946
4975 4943 4973
4977 4943 4975
4987 4945 4948
4987 4966 4945
4988 4945 4966
4989 4973 4946
4987 4948 4951
4962 4957 4954
4962 4959 4957
4985 4961 4963
4988 4966 4968
4988 4968 4970
4989 4971 4973
5012 4991 4994
5012 4994 4996
5037 4997 4999
5022 5012 4996
5037 5023 4997
5035 4999 5001
5037 4999 5035
5033 5001 5003
5035 5001 5033
5041 5003 5006
5033 5003 5031
5041 5031 5003
5039 5005 5008
5039 5026 5005
5040 5005 5026
5039 5008 5011
5022 5014 5012
5019 5017 5014
5022 5019 5014
5037 5021 5023
5040 5026 5028
5040 5028 5030
5069 5043 5046
5079 5065 5044
5069 5066 5043
5071 5043 5066
5079 5044 5072
5069 5046 5048
5102 5051 5054
5102 5054 5057
5100 5056 5059
5101 5098 5057
5102 5057 5098
5089 5059 5061
5091 5059 5089
5093 5059 5091
5100 5059 5093
5085 5061 5063
5087 5061 5085
5089 5061 5087
5083 5063 5065
5085 5063 5083
5081 5065 5079
5083 5065 5081
5076 5071 5066
5076 5073 5071
5079 5072 5075
5101 5094 5096
5101 5096 5098
5129 5105 5108
5139 5125 5106
5129 5126 5105
5131 5105 5126
5139 5106 5132
5129 5108 5110
5154 5113 5116
5154 5116 5119
5152 5118 5121
5154 5119 5153
5143 5121 5123
5145 5121 5143
5152 5121 5145
5141 5123 5125
5143 5123 5141
5141 5125 5139
5136 5131 5126
5136 5133 5131
5139 5132 5135
5150 5146 5148
5153 5146 5150
5154 5153 5150
5181 5157 5160
5191 5177 5158
5181 5178 5157
5183 5157 5178
5191 5158 5184
5181 5160 5162
5171 5165 5168
5210 5165 5171
5208 5170 5173
5210 5171 5209
5197 5173 5175
5199 5173 5197
5201 5173 5199
5208 5173 5201
5195 5175 5177
5197 5175 5195
5193 5177 5191
5195 5177 5193
5188 5183 5178
5188 5185 5183
5191 5184 5187
5209 5202 5204
5209 5204 5206
5210 5209 5206
5218 5213 5216
5234 5213 5218
5263 5219 5221
5244 5234 5218
5245 5219 5243
5263 5243 5219
5261 5221 5223
5263 5221 5261
5257 5223 5225
5259 5223 5257
5261 5223 5259
5255 5225 5228
5257 5225 5255
5265 5227 5230
5265 5248 5227
5266 5227 5248
5255 5228 5253
5267 5253 5228
5265 5230 5233
5244 5236 5234
5244 5239 5236
5244 5241 5239
5266 5248 5250
5266 5250 5252
5301 5272 5268
5420 5271 5274
5363 5302 5269
5363 5269 5359
5412 5361 5270
5420 5413 5271
5301 5276 5272
5303 5272 5276
5427 5274 5304
5427 5420 5274
5301 5277 5276
5309 5276 5277
5305 5303 5276
5309 5305 5276
5299 5278 5277
5310 5277 5278
5301 5299 5277
5310 5309 5277
5297 5279 5278
5311 5278 5279
5299 5297 5278
5311 5310 5278
5295 5280 5279
5312 5279 5280
5297 5295 5279
5312 5311 5279
5293 5281 5280
5313 5280 5281
5295 5293 5280
5313 5312 5280
5291 5282 5281
5314 5281 5282
5293 5291 5281
5314 5313 5281
5287 5283 5282
5315 5282 5283
5291 5287 5282
5315 5314 5282
5403 5285 5290
5320 5315 5283
5414 5321 5285
5414 5285 5403
5370 5288 5292
5395 5289 5372
5402 5289 5395
5368 5292 5294
5369 5292 5368
5370 5292 5369
5367 5294 5296
5368 5294 5367
5366 5296 5298
5367 5296 5366
5365 5298 5300
5366 5298 5365
5364 5300 5302
5365 5300 5364
5364 5302 5363
5427 5304 5307
5322 5305 5309
5384 5307 5325
5427 5307 5384
5326 5309 5310
5326 5322 5309
5328 5310 5311
5328 5326 5310
5330 5311 5312
5330 5328 5311
5332 5312 5313
5332 5330 5312
5334 5313 5314
5334 5332 5313
5336 5314 5315
5336 5334 5314
5320 5316 5315
5336 5315 5316
5414 5318 5321
5338 5336 5316
5421 5341 5318
5421 5318 5414
5342 5323 5327
5382 5324 5344
5383 5324 5382
5347 5327 5329
5346 5342 5327
5347 5346 5327
5348 5329 5331
5348 5347 5329
5349 5331 5333
5349 5348 5331
5350 5333 5335
5350 5349 5333
5351 5335 5337
5351 5350 5335
5352 5337 5339
5352 5351 5337
5353 5352 5339
5393 5355 5340
5421 5394 5341
5357 5342 5346
5401 5344 5358
5401 5382 5344
5363 5346 5347
5359 5357 5346
5363 5359 5346
5364 5347 5348
5364 5363 5347
5365 5348 5349
5365 5364 5348
5366 5349 5350
5366 5365 5349
5367 5350 5351
5367 5366 5350
5368 5351 5352
5368 5367 5351
5369 5352 5353
5369 5368 5352
5374 5369 5353
5376 5375 5355
5393 5376 5355
5401 5358 5361
5412 5401 5361
5374 5370 5369
5376 5372 5375
5395 5372 5376
5393 5377 5376
5395 5376 5377
5391 5378 5377
5396 5377 5378
5393 5391 5377
5396 5395 5377
5389 5379 5378
5397 5378 5379
5391 5389 5378
5397 5396 5378
5387 5380 5379
5398 5379 5380
5389 5387 5379
5398 5397 5379
5385 5381 5380
5399 5380 5381
5387 5385 5380
5399 5398 5380
5383 5382 5381
5400 5381 5382
5385 5383 5381
5400 5399 5381
5401 5400 5382
5426 5384 5386
5427 5384 5426
5425 5386 5388
5426 5386 5425
5424 5388 5390
5425 5388 5424
5423 5390 5392
5424 5390 5423
5422 5392 5394
5423 5392 5422
5422 5394 5421
5402 5395 5396
5404 5396 5397
5404 5402 5396
5406 5397 5398
5406 5404 5397
5408 5398 5399
5408 5406 5398
5410 5399 5400
5410 5408 5399
5412 5400 5401
5412 5410 5400
5415 5403 5405
5415 5414 5403
5416 5405 5407
5416 5415 5405
5417 5407 5409
5417 5416 5407
5418 5409 5411
5418 5417 5409
5419 5411 5413
5419 5418 5411
5420 5419 5413
5421 5414 5415
5422 5415 5416
5422 5421 5415
5423 5416 5417
5423 5422 5416
5424 5417 5418
5424 5423 5417
5425 5418 5419
5425 5424 5418
5426 5419 5420
5426 5425 5419
5427 5426 5420
