0 1 2
3 4 5
6 7 8
9 10 11
12 13 14
15 16 17
18 15 19
20 19 21
22 23 21
24 25 17
26 27 25
27 28 14
29 30 31
32 33 31
34 35 32
36 37 34
38 39 36
40 41 38
42 43 40
44 45 42
46 44 13
30 47 48
48 49 9
50 51 52
53 52 54
55 54 56
57 56 58
59 58 60
61 60 62
63 62 64
65 66 64
11 67 65
62 63 68
61 62 68
52 53 69
50 52 69
51 70 71
72 8 71
73 74 75
76 73 77
78 77 79
80 79 81
82 81 83
84 85 83
86 87 84
88 86 89
90 89 7
7 6 91
90 7 91
75 92 93
94 5 93
95 96 97
98 99 97
100 98 101
102 101 103
104 103 105
106 105 107
108 109 107
110 111 108
112 110 4
110 112 113
111 110 113
103 104 114
102 103 114
97 99 115
95 97 115
116 117 96
118 2 117
119 120 121
122 123 119
124 122 125
1 126 125
127 22 121
128 129 130
130 129 131
130 132 128
128 132 133
132 134 133
133 134 135
134 136 135
135 136 137
136 138 137
137 138 139
138 140 139
139 140 141
127 142 22
22 142 23
23 143 21
21 143 20
20 144 19
19 144 18
18 145 15
15 145 16
16 146 17
17 146 24
129 147 131
131 147 148
24 149 25
25 149 26
147 150 148
148 150 151
26 152 27
27 152 28
153 154 155
155 154 156
155 157 153
153 157 158
154 159 156
156 159 160
159 161 160
160 161 162
161 163 162
162 163 164
165 151 166
166 151 150
166 167 165
165 167 168
167 169 168
168 169 170
169 171 170
170 171 172
171 164 172
172 164 163
28 173 14
14 173 12
12 174 13
13 174 46
46 175 44
44 175 45
45 176 42
42 176 43
43 177 40
40 177 41
41 178 38
38 178 39
39 179 36
36 179 37
37 180 34
34 180 35
35 181 32
32 181 33
33 182 31
31 182 29
29 183 30
30 183 47
157 184 158
158 184 185
47 186 48
48 186 49
187 188 189
189 188 190
189 191 187
187 191 192
188 193 190
190 193 194
193 195 194
194 195 196
195 197 196
196 197 198
199 185 200
200 185 184
200 201 199
199 201 202
201 203 202
202 203 204
203 205 204
204 205 206
205 198 206
206 198 197
49 207 9
9 207 10
10 208 11
11 208 67
67 209 65
65 209 66
66 210 64
64 210 63
61 211 60
60 211 59
59 212 58
58 212 57
57 213 56
56 213 55
55 214 54
54 214 53
50 215 51
51 215 70
191 216 192
192 216 217
70 218 71
71 218 72
219 220 221
221 220 222
221 223 219
219 223 224
223 225 224
224 225 226
225 227 226
226 227 228
229 217 230
230 217 216
230 231 229
229 231 232
231 233 232
232 233 234
233 235 234
234 235 236
235 237 236
236 237 238
237 228 238
238 228 227
72 239 8
8 239 6
90 240 89
89 240 88
88 241 86
86 241 87
87 242 84
84 242 85
85 243 83
83 243 82
82 244 81
81 244 80
80 245 79
79 245 78
78 246 77
77 246 76
76 247 73
73 247 74
74 248 75
75 248 92
220 249 222
222 249 250
92 251 93
93 251 94
252 253 254
254 253 255
254 256 252
252 256 257
256 258 257
257 258 259
258 260 259
259 260 261
262 250 263
263 250 249
263 264 262
262 264 265
264 266 265
265 266 267
266 268 267
267 268 269
268 270 269
269 270 271
270 261 271
271 261 260
94 272 5
5 272 3
3 273 4
4 273 112
111 274 108
108 274 109
109 275 107
107 275 106
106 276 105
105 276 104
102 277 101
101 277 100
100 278 98
98 278 99
95 279 96
96 279 116
253 280 255
255 280 281
116 282 117
117 282 118
283 281 284
284 281 280
284 285 283
283 285 286
285 287 286
286 287 288
287 141 288
288 141 140
118 289 2
2 289 0
0 290 1
1 290 126
126 291 125
125 291 124
124 292 122
122 292 123
123 293 119
119 293 120
120 294 121
121 294 127
295 296 297
297 296 298
298 296 299
299 296 300
299 300 301
301 300 302
300 303 302
302 303 304
304 303 305
305 303 306
303 307 306
306 307 308
308 307 309
309 307 310
309 310 311
311 310 312
310 313 312
312 313 314
314 313 315
315 313 316
315 316 317
317 316 318
316 319 318
318 319 320
320 319 321
321 319 322
319 323 322
322 323 324
324 323 325
325 323 326
325 326 327
327 326 328
326 329 328
328 329 330
330 329 331
331 329 332
331 332 333
333 332 334
332 335 334
334 335 336
336 335 337
337 335 338
337 338 339
339 338 340
338 341 340
340 341 342
342 341 343
343 341 344
341 345 344
344 345 346
346 345 347
347 345 348
347 348 349
349 348 350
348 351 350
350 351 352
352 351 353
353 351 354
353 354 355
355 354 356
356 354 357
357 354 358
357 358 359
359 358 360
358 361 360
360 361 362
362 361 363
363 361 364
363 364 365
365 364 366
364 367 366
366 367 368
368 367 369
369 367 370
369 370 371
371 370 372
370 373 372
372 373 374
374 373 375
375 373 376
375 376 377
377 376 378
378 376 379
379 376 380
379 380 381
381 380 382
380 383 382
382 383 384
384 383 385
385 383 386
385 386 387
387 386 388
386 389 388
388 389 390
390 389 391
391 389 392
389 393 392
392 393 394
394 393 395
395 393 396
395 396 397
397 396 398
396 399 398
398 399 400
400 399 401
401 399 402
401 402 403
403 402 404
402 405 404
404 405 406
406 405 407
407 405 408
407 408 409
409 408 410
408 411 410
410 411 412
412 411 413
413 411 414
411 415 414
414 415 416
416 415 417
417 415 418
417 418 419
419 418 420
418 421 420
420 421 422
422 421 423
423 421 424
423 424 425
425 424 426
426 424 427
427 424 428
427 428 429
429 428 430
428 431 430
430 431 432
432 431 433
433 431 434
433 434 435
435 434 436
434 437 436
436 437 438
438 437 439
439 437 440
439 440 441
441 440 442
440 443 442
442 443 444
444 443 445
445 443 446
445 446 447
447 446 448
448 446 449
449 446 450
449 450 451
451 450 452
450 453 452
452 453 454
454 453 455
455 453 456
455 456 457
457 456 458
456 459 458
458 459 460
460 459 461
461 459 462
461 462 463
463 462 464
464 462 465
465 462 466
465 466 467
467 466 468
466 469 468
468 469 470
470 469 471
471 469 295
471 295 472
472 295 297
473 474 475
475 474 476
474 477 476
476 477 478
477 479 478
478 479 480
479 481 480
480 481 482
480 482 483
483 482 484
483 484 485
485 484 486
485 486 487
487 486 488
487 488 489
489 488 490
489 490 491
491 490 492
491 492 493
493 492 494
493 494 495
495 494 496
495 496 497
497 496 498
497 498 499
499 498 500
499 500 501
501 500 502
501 502 503
503 502 504
503 504 505
503 505 506
506 505 507
506 507 508
508 507 509
508 509 510
510 509 511
510 511 512
512 511 513
512 513 514
514 513 515
514 515 516
516 515 517
516 517 518
518 517 519
518 519 520
520 519 521
520 521 522
522 521 523
522 523 524
524 523 525
524 525 526
526 525 527
526 527 528
526 528 529
529 528 530
529 530 531
531 530 532
531 532 533
533 532 534
533 534 535
535 534 536
535 536 537
537 536 538
537 538 539
539 538 540
539 540 541
541 540 542
541 542 543
543 542 544
543 544 545
545 544 546
545 546 547
547 546 548
547 548 549
549 548 550
549 550 551
549 551 552
552 551 553
552 553 554
554 553 555
554 555 556
556 555 557
556 557 558
558 557 559
558 559 560
560 559 561
560 561 562
562 561 563
562 563 564
564 563 565
564 565 566
566 565 567
566 567 568
568 567 569
568 569 570
570 569 571
570 571 572
572 571 573
572 573 574
572 574 575
575 574 576
575 576 577
577 576 578
577 578 579
579 578 580
579 580 581
581 580 582
581 582 583
583 582 584
583 584 585
585 584 586
585 586 587
587 586 588
587 588 589
589 588 473
589 473 475
