-7.904000 -59.477001 102.000000 -0.131776 -0.991278 -0.001548
-4.832000 -59.805000 119.000000 -0.080593 -0.996747 0.000017
-10.955000 -58.991001 119.000000 -0.182607 -0.983186 0.000011
-58.771999 -12.076000 102.000000 -0.979551 -0.201188 -0.001574
-58.073002 -15.085000 119.000000 -0.967882 -0.251406 -0.000008
-59.316002 -9.034000 119.000000 -0.988600 -0.150566 -0.000024
-30.714001 51.542000 102.000000 -0.511864 0.859065 -0.001557
-33.327000 49.893002 119.000000 -0.555420 0.831570 -0.000003
-28.020000 53.055000 119.000000 -0.467026 0.884243 0.000003
40.903999 43.896000 119.000000 0.681699 0.731633 0.000009
38.590000 45.943001 102.000000 0.643177 0.765716 -0.001556
36.174000 47.868999 119.000000 0.602951 0.797778 0.000009
56.070999 -21.354000 102.000000 0.934509 -0.355936 -0.001587
57.097000 -18.438999 119.000000 0.951598 -0.307347 -0.000029
54.897999 -24.212000 119.000000 0.914985 -0.403489 -0.000014
40.608002 -44.169998 119.000000 0.676779 -0.736186 -0.000013
42.827999 -42.021000 102.000000 0.713744 -0.700405 -0.001567
44.935001 -39.759998 119.000000 0.748867 -0.662719 0.001566
38.279999 -46.202000 102.000000 0.638013 -0.770024 -0.001566
35.851002 -48.111000 119.000000 0.597509 -0.801862 0.000012
33.327000 -49.893002 102.000000 0.555455 -0.831545 -0.001536
30.714001 -51.542000 119.000000 0.511878 -0.859058 0.000027
25.252001 -54.426998 119.000000 0.420909 -0.907103 0.000016
28.020000 -53.055000 102.000000 0.467015 -0.884248 -0.001540
46.922001 -37.395000 102.000000 0.782024 -0.623246 -0.001569
48.785000 -34.930000 119.000000 0.813088 -0.582141 -0.000023
50.518002 -32.372002 102.000000 0.841990 -0.539491 -0.001592
52.118000 -29.728001 119.000000 0.868631 -0.495460 -0.000021
53.578999 -27.006001 102.000000 0.892976 -0.450103 -0.001574
50.735001 32.030998 102.000000 0.845571 0.533860 -0.001550
49.018002 34.601002 119.000000 0.816956 0.576700 0.000001
52.316002 29.377001 119.000000 0.871942 0.489609 0.000012
55.060001 23.841999 119.000000 0.917650 0.397389 -0.000025
53.758999 26.645000 102.000000 0.895987 0.444077 -0.001572
57.219002 18.055000 119.000000 0.953654 0.300904 -0.000001
56.214001 20.976000 102.000000 0.936900 0.349594 -0.001580
58.771999 12.076000 119.000000 0.979544 0.201230 0.000007
58.073002 15.085000 102.000000 0.967882 0.251401 -0.001558
59.702000 5.969000 119.000000 0.995034 0.099537 0.000016
59.316002 9.034000 102.000000 0.988599 0.150566 -0.001554
60.000000 -0.202000 119.000000 0.999994 -0.003363 -0.000005
59.931000 2.887000 102.000000 0.998838 0.048165 -0.001557
59.660999 -6.370000 119.000000 0.994347 -0.106182 0.000002
59.910000 -3.290000 102.000000 0.998495 -0.054821 -0.001568
58.689999 -12.470000 119.000000 0.978163 -0.207837 -0.000007
59.254002 -9.433000 102.000000 0.987563 -0.157219 -0.001561
57.970001 -15.475000 102.000000 0.966172 -0.257895 -0.001578
47.172001 37.077999 102.000000 0.786210 0.617958 -0.001562
45.201000 39.457001 119.000000 0.753373 0.657593 0.000008
43.110001 41.731998 102.000000 0.718517 0.695508 -0.001545
-13.585000 58.442001 102.000000 -0.226355 0.974044 -0.001563
-16.575001 57.665001 119.000000 -0.276297 0.961072 0.000012
-10.558000 59.063999 119.000000 -0.175958 0.984398 -0.000016
-7.504000 59.528999 102.000000 -0.125092 0.992144 -0.001564
-4.429000 59.835999 119.000000 -0.073823 0.997271 0.000014
-1.343000 59.985001 102.000000 -0.022406 0.999748 -0.001564
1.747000 59.974998 119.000000 0.029118 0.999576 -0.000019
4.832000 59.805000 102.000000 0.080590 0.996746 -0.001581
7.904000 59.477001 119.000000 0.131787 0.991278 -0.000014
10.955000 58.991001 102.000000 0.182544 0.983196 -0.001560
13.977000 58.348999 119.000000 0.232927 0.972494 0.000009
16.962999 57.551998 102.000000 0.282659 0.959219 -0.001551
19.903000 56.603001 119.000000 0.331726 0.943376 0.000001
22.790001 55.502998 102.000000 0.379966 0.924999 -0.001562
25.617001 54.256001 119.000000 0.426932 0.904284 -0.000000
31.059999 51.334999 119.000000 0.517636 0.855601 0.000014
28.375999 52.866001 102.000000 0.472839 0.881147 -0.001554
33.661999 49.667999 102.000000 0.561017 0.827803 -0.001545
19.877001 56.528000 102.000000 0.331724 0.943365 -0.004669
-10.544000 58.985001 102.000000 -0.175962 0.984386 -0.004719
-19.521999 56.735001 102.000000 -0.325418 0.945569 -0.001562
-22.417000 55.654999 119.000000 -0.373626 0.927579 -0.000014
-25.252001 54.426998 102.000000 -0.420860 0.907124 -0.001562
-59.254002 9.433000 119.000000 -0.987564 0.157218 -0.000016
-59.660999 6.370000 102.000000 -0.994346 0.106181 -0.001584
-59.910000 3.290000 119.000000 -0.998493 0.054871 -0.000018
-58.689999 12.470000 102.000000 -0.978168 0.207810 -0.001570
-57.970001 15.475000 119.000000 -0.966169 0.257910 0.000012
-57.097000 18.438999 102.000000 -0.951602 0.307330 -0.001538
-56.070999 21.354000 119.000000 -0.934517 0.355919 0.000026
-54.897999 24.212000 102.000000 -0.914988 0.403479 -0.001551
-53.578999 27.006001 119.000000 -0.892998 0.450061 0.000003
-52.118000 29.728001 102.000000 -0.868613 0.495488 -0.001561
-50.518002 32.372002 119.000000 -0.841986 0.539499 0.000006
-46.922001 37.395000 119.000000 -0.781997 0.623282 0.000000
-48.785000 34.930000 102.000000 -0.813106 0.582113 -0.001557
-42.827999 42.021000 119.000000 -0.713777 0.700373 -0.000012
-44.935001 39.759998 102.000000 -0.748841 0.662748 -0.001573
-40.608002 44.169998 102.000000 -0.676801 0.736165 -0.001569
-38.279999 46.202000 119.000000 -0.637986 0.770048 -0.000006
-35.851002 48.111000 102.000000 -0.597565 0.801819 -0.001563
-33.283001 49.827000 102.000000 -0.555404 0.831568 -0.004666
-60.000000 0.202000 102.000000 -0.999993 0.003402 -0.001584
-59.931000 -2.887000 119.000000 -0.998838 -0.048187 -0.000026
-59.702000 -5.969000 102.000000 -0.995032 -0.099538 -0.001591
-25.617001 -54.256001 102.000000 -0.426922 -0.904287 -0.001549
-22.790001 -55.502998 119.000000 -0.379879 -0.925036 0.000020
-28.375999 -52.866001 119.000000 -0.472878 -0.881128 0.000004
-33.661999 -49.667999 119.000000 -0.561049 -0.827783 -0.000011
-31.059999 -51.334999 102.000000 -0.517698 -0.855562 -0.001563
-36.174000 -47.868999 102.000000 -0.602968 -0.797764 -0.001566
-38.590000 -45.943001 119.000000 -0.643175 -0.765720 0.000003
-40.903999 -43.896000 102.000000 -0.681627 -0.731698 -0.001552
-43.110001 -41.731998 119.000000 -0.718494 -0.695533 0.000009
-45.201000 -39.457001 102.000000 -0.753387 -0.657576 -0.001547
-47.172001 -37.077999 119.000000 -0.786201 -0.617971 0.000013
-49.018002 -34.601002 102.000000 -0.816986 -0.576655 -0.001559
-50.735001 -32.030998 119.000000 -0.845582 -0.533846 -0.000016
-53.758999 -26.645000 119.000000 -0.895968 -0.444119 0.000014
-52.316002 -29.377001 102.000000 -0.871922 -0.489643 -0.001566
-56.214001 -20.976000 119.000000 -0.936904 -0.349587 -0.000011
-55.060001 -23.841999 102.000000 -0.917687 -0.397302 -0.001555
-57.219002 -18.055000 102.000000 -0.953624 -0.300996 -0.001575
-56.139000 -20.948000 102.000000 -0.936909 -0.349540 -0.004709
-43.053001 -41.676998 102.000000 -0.718498 -0.695513 -0.004659
-28.339001 -52.796001 102.000000 -0.472859 -0.881126 -0.004657
-19.903000 -56.603001 102.000000 -0.331678 -0.943391 -0.001536
-16.962999 -57.551998 119.000000 -0.282662 -0.959220 0.000012
-13.977000 -58.348999 102.000000 -0.232936 -0.972491 -0.001552
13.585000 -58.442001 119.000000 0.226456 -0.974021 -0.000015
16.575001 -57.665001 102.000000 0.276249 -0.961085 -0.001569
19.521999 -56.735001 119.000000 0.325383 -0.945581 0.001569
7.504000 -59.528999 119.000000 0.125012 -0.992155 -0.000006
10.558000 -59.063999 102.000000 0.176003 -0.984388 -0.001571
4.429000 -59.835999 102.000000 0.073766 -0.997274 -0.001579
1.343000 -59.985001 119.000000 0.022434 -0.999748 -0.000012
-1.747000 -59.974998 102.000000 -0.029062 -0.999576 -0.001556
22.417000 -55.654999 102.000000 0.373606 -0.927586 -0.001545
36.643002 -34.020000 119.000000 -0.732835 0.680406 0.000000
40.221001 -29.702999 119.000000 -0.804447 0.594024 0.000000
36.643002 -34.020000 102.000000 -0.732835 0.680406 0.000000
40.221001 -29.702999 102.000000 -0.804447 0.594024 0.000000
32.603001 -37.908001 102.000000 -0.652010 0.758210 0.000000
32.603001 -37.908001 119.000000 -0.652010 0.758210 0.000000
28.153999 -41.320000 102.000000 -0.563106 0.826385 0.000000
28.153999 -41.320000 119.000000 -0.563106 0.826385 0.000000
23.350000 -44.213001 102.000000 -0.466997 0.884259 0.000000
23.350000 -44.213001 119.000000 -0.466997 0.884259 0.000000
18.253000 -46.549000 102.000000 -0.365051 0.930988 0.000000
18.253000 -46.549000 119.000000 -0.365051 0.930988 0.000000
12.927000 -48.299999 102.000000 -0.258565 0.965994 0.000000
12.927000 -48.299999 119.000000 -0.258565 0.965994 0.000000
25.219000 -54.355000 102.000000 0.420921 -0.907085 -0.004659
30.674000 -51.473999 102.000000 0.511845 -0.859065 -0.004641
35.804001 -48.047001 102.000000 0.597530 -0.801833 -0.004671
40.554001 -44.111000 102.000000 0.676772 -0.736178 -0.004705
44.875000 -39.708000 102.000000 0.748846 -0.662727 -0.004670
43.293999 -25.013000 119.000000 -0.865886 0.500241 0.000000
43.293999 -25.013000 102.000000 -0.865886 0.500241 0.000000
48.720001 -34.882999 102.000000 0.813100 -0.582104 -0.004718
45.821999 -20.007999 119.000000 -0.916459 0.400128 0.000000
45.821999 -20.007999 102.000000 -0.916459 0.400128 0.000000
52.048000 -29.688999 102.000000 0.868602 -0.495488 -0.004713
41.320000 28.153999 102.000000 -0.826385 -0.563106 0.000000
44.213001 23.350000 102.000000 -0.884259 -0.466997 0.000000
41.320000 28.153999 119.000000 -0.826385 -0.563106 0.000000
44.213001 23.350000 119.000000 -0.884259 -0.466997 0.000000
37.908001 32.603001 119.000000 -0.758210 -0.652010 0.000000
37.908001 32.603001 102.000000 -0.758210 -0.652010 0.000000
46.549000 18.253000 102.000000 -0.930988 -0.365051 0.000000
46.549000 18.253000 119.000000 -0.930988 -0.365051 0.000000
48.299999 12.927000 102.000000 -0.965994 -0.258565 0.000000
48.299999 12.927000 119.000000 -0.965994 -0.258565 0.000000
49.444000 7.437000 102.000000 -0.988869 -0.148787 0.000000
49.444000 7.437000 119.000000 -0.988869 -0.148787 0.000000
47.773998 -14.752000 102.000000 -0.955468 0.295093 0.000000
47.773998 -14.752000 119.000000 -0.955468 0.295093 0.000000
49.125999 -9.310000 119.000000 -0.982510 0.186212 0.000000
49.125999 -9.310000 102.000000 -0.982510 0.186212 0.000000
49.859001 -3.751000 119.000000 -0.997182 0.075023 0.000000
49.859001 -3.751000 102.000000 -0.997182 0.075023 0.000000
49.966000 1.855000 119.000000 -0.999313 -0.037071 0.000000
49.966000 1.855000 102.000000 -0.999313 -0.037071 0.000000
54.825001 -24.180000 102.000000 0.914999 -0.403429 -0.004688
57.021000 -18.414000 102.000000 0.951577 -0.307373 -0.004706
58.612000 -12.454000 102.000000 0.978146 -0.207869 -0.004684
59.582001 -6.361000 102.000000 0.994336 -0.106183 -0.004677
59.919998 -0.201000 102.000000 0.999983 -0.003400 -0.004706
59.623001 5.961000 102.000000 0.995022 0.099550 -0.004671
58.694000 12.060000 102.000000 0.979535 0.201217 -0.004684
57.143002 18.031000 102.000000 0.953633 0.300935 -0.004688
54.986000 23.811001 102.000000 0.917638 0.397390 -0.004719
52.247002 29.337999 102.000000 0.871955 0.489564 -0.004662
48.952999 34.555000 102.000000 0.816928 0.576721 -0.004684
34.020000 36.643002 119.000000 -0.680406 -0.732835 0.000000
34.020000 36.643002 102.000000 -0.680406 -0.732835 0.000000
45.140999 39.404999 102.000000 0.753390 0.657557 -0.004671
-12.927000 48.299999 102.000000 0.258565 -0.965994 0.000000
-7.437000 49.444000 102.000000 0.148787 -0.988869 0.000000
-12.927000 48.299999 119.000000 0.258565 -0.965994 0.000000
-7.437000 49.444000 119.000000 0.148787 -0.988869 0.000000
-18.253000 46.549000 119.000000 0.365051 -0.930988 0.000000
-18.253000 46.549000 102.000000 0.365051 -0.930988 0.000000
-1.855000 49.966000 102.000000 0.037071 -0.999313 0.000000
-1.855000 49.966000 119.000000 0.037071 -0.999313 0.000000
3.751000 49.859001 102.000000 -0.075023 -0.997182 0.000000
3.751000 49.859001 119.000000 -0.075023 -0.997182 0.000000
9.310000 49.125999 102.000000 -0.186212 -0.982510 0.000000
9.310000 49.125999 119.000000 -0.186212 -0.982510 0.000000
29.702999 40.221001 102.000000 -0.594024 -0.804447 0.000000
29.702999 40.221001 119.000000 -0.594024 -0.804447 0.000000
25.013000 43.293999 119.000000 -0.500241 -0.865886 0.000000
25.013000 43.293999 102.000000 -0.500241 -0.865886 0.000000
20.007999 45.821999 119.000000 -0.400128 -0.916459 0.000000
20.007999 45.821999 102.000000 -0.400128 -0.916459 0.000000
14.752000 47.773998 119.000000 -0.295093 -0.955468 0.000000
14.752000 47.773998 102.000000 -0.295093 -0.955468 0.000000
40.849998 43.838001 102.000000 0.681647 0.731666 -0.004661
36.125999 47.806000 102.000000 0.602993 0.797733 -0.004659
31.018999 51.266998 102.000000 0.517629 0.855592 -0.004671
25.583000 54.183998 102.000000 0.426891 0.904291 -0.004684
13.959000 58.271999 102.000000 0.232924 0.972484 -0.004651
7.893000 59.397999 102.000000 0.131780 0.991268 -0.004692
1.744000 59.895000 102.000000 0.029137 0.999564 -0.004709
-4.424000 59.757000 102.000000 -0.073812 0.997261 -0.004656
-16.552999 57.589001 102.000000 -0.276321 0.961054 -0.004654
-23.350000 44.213001 119.000000 0.466997 -0.884259 0.000000
-23.350000 44.213001 102.000000 0.466997 -0.884259 0.000000
-22.386999 55.581001 102.000000 -0.373619 0.927571 -0.004697
-49.859001 3.751000 119.000000 0.997182 -0.075023 0.000000
-49.966000 -1.855000 119.000000 0.999313 0.037071 0.000000
-49.859001 3.751000 102.000000 0.997182 -0.075023 0.000000
-49.966000 -1.855000 102.000000 0.999313 0.037071 0.000000
-49.125999 9.310000 102.000000 0.982510 -0.186212 0.000000
-49.125999 9.310000 119.000000 0.982510 -0.186212 0.000000
-47.773998 14.752000 102.000000 0.955468 -0.295093 0.000000
-47.773998 14.752000 119.000000 0.955468 -0.295093 0.000000
-45.821999 20.007999 102.000000 0.916459 -0.400128 0.000000
-45.821999 20.007999 119.000000 0.916459 -0.400128 0.000000
-28.153999 41.320000 102.000000 0.563106 -0.826385 0.000000
-28.153999 41.320000 119.000000 0.563106 -0.826385 0.000000
-32.603001 37.908001 119.000000 0.652010 -0.758210 0.000000
-32.603001 37.908001 102.000000 0.652010 -0.758210 0.000000
-36.643002 34.020000 119.000000 0.732835 -0.680406 0.000000
-36.643002 34.020000 102.000000 0.732835 -0.680406 0.000000
-40.221001 29.702999 119.000000 0.804447 -0.594024 0.000000
-40.221001 29.702999 102.000000 0.804447 -0.594024 0.000000
-43.293999 25.013000 119.000000 0.865886 -0.500241 0.000000
-43.293999 25.013000 102.000000 0.865886 -0.500241 0.000000
-27.983000 52.985001 102.000000 -0.467042 0.884223 -0.004657
-38.230000 46.139999 102.000000 -0.637962 0.770054 -0.004685
-42.771000 41.965000 102.000000 -0.713784 0.700350 -0.004700
-46.860001 37.345001 102.000000 -0.781965 0.623305 -0.004685
-50.451000 32.328999 102.000000 -0.841989 0.539475 -0.004683
-53.507999 26.969999 102.000000 -0.892988 0.450056 -0.004683
-55.997002 21.326000 102.000000 -0.934490 0.355958 -0.004654
-57.893002 15.455000 102.000000 -0.966173 0.257851 -0.004680
-59.174999 9.420000 102.000000 -0.987556 0.157200 -0.004710
-59.830002 3.286000 102.000000 -0.998482 0.054877 -0.004712
-49.444000 -7.437000 119.000000 0.988869 0.148787 0.000000
-49.444000 -7.437000 102.000000 0.988869 0.148787 0.000000
-59.851002 -2.883000 102.000000 -0.998825 -0.048234 -0.004712
-20.007999 -45.821999 119.000000 0.400128 0.916459 0.000000
-14.752000 -47.773998 119.000000 0.295093 0.955468 0.000000
-20.007999 -45.821999 102.000000 0.400128 0.916459 0.000000
-14.752000 -47.773998 102.000000 0.295093 0.955468 0.000000
-25.013000 -43.293999 102.000000 0.500241 0.865886 0.000000
-25.013000 -43.293999 119.000000 0.500241 0.865886 0.000000
-29.702999 -40.221001 102.000000 0.594024 0.804447 0.000000
-29.702999 -40.221001 119.000000 0.594024 0.804447 0.000000
-34.020000 -36.643002 102.000000 0.680406 0.732835 0.000000
-34.020000 -36.643002 119.000000 0.680406 0.732835 0.000000
-48.299999 -12.927000 102.000000 0.965994 0.258565 0.000000
-48.299999 -12.927000 119.000000 0.965994 0.258565 0.000000
-46.549000 -18.253000 119.000000 0.930988 0.365051 0.000000
-46.549000 -18.253000 102.000000 0.930988 0.365051 0.000000
-44.213001 -23.350000 119.000000 0.884259 0.466997 0.000000
-44.213001 -23.350000 102.000000 0.884259 0.466997 0.000000
-41.320000 -28.153999 119.000000 0.826385 0.563106 0.000000
-41.320000 -28.153999 102.000000 0.826385 0.563106 0.000000
-37.908001 -32.603001 119.000000 0.758210 0.652010 0.000000
-37.908001 -32.603001 102.000000 0.758210 0.652010 0.000000
-59.237000 -9.022000 102.000000 -0.988592 -0.150547 -0.004700
-57.995998 -15.065000 102.000000 -0.967873 -0.251397 -0.004680
-53.688000 -26.610001 102.000000 -0.895934 -0.444163 -0.004656
-50.667000 -31.989000 102.000000 -0.845580 -0.533829 -0.004701
-47.110001 -37.028999 102.000000 -0.786186 -0.617972 -0.004648
-38.539001 -45.882000 102.000000 -0.643166 -0.765712 -0.004677
-33.617001 -49.602001 102.000000 -0.561028 -0.827783 -0.004699
-22.760000 -55.430000 102.000000 -0.379939 -0.925000 -0.004642
-9.310000 -49.125999 119.000000 0.186212 0.982510 0.000000
-9.310000 -49.125999 102.000000 0.186212 0.982510 0.000000
-16.940001 -57.476002 102.000000 -0.282619 -0.959221 -0.004670
-3.751000 -49.859001 102.000000 0.075023 0.997182 0.000000
-3.751000 -49.859001 119.000000 0.075023 0.997182 0.000000
1.855000 -49.966000 119.000000 -0.037071 0.999313 0.000000
1.855000 -49.966000 102.000000 -0.037071 0.999313 0.000000
7.437000 -49.444000 119.000000 -0.148787 0.988869 0.000000
7.437000 -49.444000 102.000000 -0.148787 0.988869 0.000000
-10.941000 -58.912998 102.000000 -0.182615 -0.983173 -0.004662
-4.825000 -59.726002 102.000000 -0.080619 -0.996734 -0.004665
1.341000 -59.904999 102.000000 0.022501 -0.999736 -0.004707
7.494000 -59.450001 102.000000 0.124970 -0.992150 -0.004684
13.567000 -58.363998 102.000000 0.226464 -0.974008 -0.004709
19.496000 -56.660000 102.000000 0.325339 -0.945586 -0.004669
23.350000 -44.213001 102.000000 -0.000000 0.000000 -1.000000
28.153999 -41.320000 102.000000 -0.000000 0.000000 -1.000000
30.674000 -51.473999 102.000000 -0.000000 0.000000 -1.000000
33.327000 -49.893002 102.000000 -0.000000 -0.000000 -1.000000
35.804001 -48.047001 102.000000 -0.000000 -0.000000 -1.000000
32.603001 -37.908001 102.000000 0.000000 -0.000000 -1.000000
38.279999 -46.202000 102.000000 -0.000000 -0.000000 -1.000000
40.554001 -44.111000 102.000000 -0.000000 -0.000000 -1.000000
36.643002 -34.020000 102.000000 -0.000000 0.000000 -1.000000
42.827999 -42.021000 102.000000 -0.000000 -0.000000 -1.000000
44.875000 -39.708000 102.000000 -0.000000 -0.000000 -1.000000
46.922001 -37.395000 102.000000 -0.000000 -0.000000 -1.000000
40.221001 -29.702999 102.000000 -0.000000 0.000000 -1.000000
48.720001 -34.882999 102.000000 -0.000000 -0.000000 -1.000000
50.518002 -32.372002 102.000000 -0.000000 -0.000000 -1.000000
43.293999 -25.013000 102.000000 0.000000 -0.000000 -1.000000
52.048000 -29.688999 102.000000 -0.000000 -0.000000 -1.000000
53.578999 -27.006001 102.000000 -0.000000 -0.000000 -1.000000
45.821999 -20.007999 102.000000 -0.000000 0.000000 -1.000000
54.825001 -24.180000 102.000000 -0.000000 -0.000000 -1.000000
56.070999 -21.354000 102.000000 -0.000000 -0.000000 -1.000000
47.773998 -14.752000 102.000000 0.000000 -0.000000 -1.000000
57.021000 -18.414000 102.000000 -0.000000 -0.000000 -1.000000
57.970001 -15.475000 102.000000 -0.000000 -0.000000 -1.000000
49.125999 -9.310000 102.000000 -0.000000 0.000000 -1.000000
58.612000 -12.454000 102.000000 -0.000000 -0.000000 -1.000000
59.254002 -9.433000 102.000000 -0.000000 -0.000000 -1.000000
59.582001 -6.361000 102.000000 0.000000 -0.000000 -1.000000
49.859001 -3.751000 102.000000 -0.000000 0.000000 -1.000000
59.910000 -3.290000 102.000000 0.000000 -0.000000 -1.000000
59.919998 -0.201000 102.000000 0.000000 -0.000000 -1.000000
49.966000 1.855000 102.000000 0.000000 -0.000000 -1.000000
59.931000 2.887000 102.000000 0.000000 -0.000000 -1.000000
59.623001 5.961000 102.000000 0.000000 -0.000000 -1.000000
49.444000 7.437000 102.000000 -0.000000 -0.000000 -1.000000
59.316002 9.034000 102.000000 0.000000 -0.000000 -1.000000
58.694000 12.060000 102.000000 0.000000 -0.000000 -1.000000
48.299999 12.927000 102.000000 0.000000 0.000000 -1.000000
58.073002 15.085000 102.000000 0.000000 -0.000000 -1.000000
57.143002 18.031000 102.000000 0.000000 -0.000000 -1.000000
46.549000 18.253000 102.000000 -0.000000 -0.000000 -1.000000
56.214001 20.976000 102.000000 0.000000 -0.000000 -1.000000
54.986000 23.811001 102.000000 0.000000 -0.000000 -1.000000
44.213001 23.350000 102.000000 0.000000 0.000000 -1.000000
53.758999 26.645000 102.000000 0.000000 -0.000000 -1.000000
52.247002 29.337999 102.000000 0.000000 -0.000000 -1.000000
41.320000 28.153999 102.000000 0.000000 -0.000000 -1.000000
50.735001 32.030998 102.000000 0.000000 -0.000000 -1.000000
48.952999 34.555000 102.000000 0.000000 -0.000000 -1.000000
47.172001 37.077999 102.000000 0.000000 -0.000000 -1.000000
37.908001 32.603001 102.000000 0.000000 -0.000000 -1.000000
45.140999 39.404999 102.000000 0.000000 -0.000000 -1.000000
43.110001 41.731998 102.000000 0.000000 -0.000000 -1.000000
34.020000 36.643002 102.000000 0.000000 0.000000 -1.000000
40.849998 43.838001 102.000000 0.000000 -0.000000 -1.000000
38.590000 45.943001 102.000000 0.000000 -0.000000 -1.000000
29.702999 40.221001 102.000000 0.000000 -0.000000 -1.000000
36.125999 47.806000 102.000000 0.000000 -0.000000 -1.000000
33.661999 49.667999 102.000000 0.000000 -0.000000 -1.000000
25.013000 43.293999 102.000000 0.000000 0.000000 -1.000000
31.018999 51.266998 102.000000 0.000000 -0.000000 -1.000000
28.375999 52.866001 102.000000 0.000000 -0.000000 -1.000000
25.583000 54.183998 102.000000 0.000000 -0.000000 -1.000000
20.007999 45.821999 102.000000 0.000000 0.000000 -1.000000
22.790001 55.502998 102.000000 0.000000 -0.000000 -1.000000
19.877001 56.528000 102.000000 0.000000 0.000000 -1.000000
14.752000 47.773998 102.000000 0.000000 -0.000000 -1.000000
16.962999 57.551998 102.000000 0.000000 -0.000000 -1.000000
13.959000 58.271999 102.000000 0.000000 0.000000 -1.000000
9.310000 49.125999 102.000000 0.000000 0.000000 -1.000000
10.955000 58.991001 102.000000 0.000000 -0.000000 -1.000000
7.893000 59.397999 102.000000 0.000000 0.000000 -1.000000
3.751000 49.859001 102.000000 0.000000 -0.000000 -1.000000
4.832000 59.805000 102.000000 0.000000 -0.000000 -1.000000
1.744000 59.895000 102.000000 0.000000 0.000000 -1.000000
-1.855000 49.966000 102.000000 0.000000 0.000000 -1.000000
-1.343000 59.985001 102.000000 0.000000 -0.000000 -1.000000
-4.424000 59.757000 102.000000 0.000000 0.000000 -1.000000
-7.437000 49.444000 102.000000 0.000000 -0.000000 -1.000000
-7.504000 59.528999 102.000000 0.000000 0.000000 -1.000000
-10.544000 58.985001 102.000000 0.000000 0.000000 -1.000000
-12.927000 48.299999 102.000000 0.000000 0.000000 -1.000000
-13.585000 58.442001 102.000000 0.000000 0.000000 -1.000000
-16.552999 57.589001 102.000000 0.000000 0.000000 -1.000000
-19.521999 56.735001 102.000000 0.000000 0.000000 -1.000000
-18.253000 46.549000 102.000000 0.000000 0.000000 -1.000000
-22.386999 55.581001 102.000000 0.000000 0.000000 -1.000000
-25.252001 54.426998 102.000000 0.000000 0.000000 -1.000000
-23.350000 44.213001 102.000000 0.000000 0.000000 -1.000000
-27.983000 52.985001 102.000000 0.000000 0.000000 -1.000000
-30.714001 51.542000 102.000000 0.000000 0.000000 -1.000000
-28.153999 41.320000 102.000000 0.000000 0.000000 -1.000000
-33.283001 49.827000 102.000000 0.000000 0.000000 -1.000000
-35.851002 48.111000 102.000000 0.000000 0.000000 -1.000000
-32.603001 37.908001 102.000000 0.000000 0.000000 -1.000000
-38.230000 46.139999 102.000000 0.000000 0.000000 -1.000000
-40.608002 44.169998 102.000000 0.000000 0.000000 -1.000000
-42.771000 41.965000 102.000000 0.000000 0.000000 -1.000000
-36.643002 34.020000 102.000000 0.000000 0.000000 -1.000000
-44.935001 39.759998 102.000000 0.000000 0.000000 -1.000000
-46.860001 37.345001 102.000000 0.000000 0.000000 -1.000000
-40.221001 29.702999 102.000000 0.000000 0.000000 -1.000000
-48.785000 34.930000 102.000000 0.000000 0.000000 -1.000000
-50.451000 32.328999 102.000000 0.000000 0.000000 -1.000000
-43.293999 25.013000 102.000000 0.000000 0.000000 -1.000000
-52.118000 29.728001 102.000000 0.000000 0.000000 -1.000000
-53.507999 26.969999 102.000000 0.000000 0.000000 -1.000000
-45.821999 20.007999 102.000000 0.000000 0.000000 -1.000000
-54.897999 24.212000 102.000000 0.000000 0.000000 -1.000000
-55.997002 21.326000 102.000000 0.000000 0.000000 -1.000000
-47.773998 14.752000 102.000000 0.000000 0.000000 -1.000000
-57.097000 18.438999 102.000000 0.000000 0.000000 -1.000000
-57.893002 15.455000 102.000000 0.000000 0.000000 -1.000000
-49.125999 9.310000 102.000000 0.000000 0.000000 -1.000000
-58.689999 12.470000 102.000000 0.000000 0.000000 -1.000000
-59.174999 9.420000 102.000000 0.000000 0.000000 -1.000000
-49.859001 3.751000 102.000000 0.000000 0.000000 -1.000000
-59.660999 6.370000 102.000000 0.000000 0.000000 -1.000000
-59.830002 3.286000 102.000000 0.000000 0.000000 -1.000000
-60.000000 0.202000 102.000000 -0.000000 0.000000 -1.000000
-49.966000 -1.855000 102.000000 0.000000 0.000000 -1.000000
-59.851002 -2.883000 102.000000 0.000000 0.000000 -1.000000
-59.702000 -5.969000 102.000000 -0.000000 0.000000 -1.000000
-49.444000 -7.437000 102.000000 -0.000000 0.000000 -1.000000
-59.237000 -9.022000 102.000000 0.000000 0.000000 -1.000000
-58.771999 -12.076000 102.000000 -0.000000 0.000000 -1.000000
-48.299999 -12.927000 102.000000 0.000000 0.000000 -1.000000
-57.995998 -15.065000 102.000000 0.000000 0.000000 -1.000000
-57.219002 -18.055000 102.000000 -0.000000 0.000000 -1.000000
-46.549000 -18.253000 102.000000 -0.000000 0.000000 -1.000000
-56.139000 -20.948000 102.000000 0.000000 0.000000 -1.000000
-55.060001 -23.841999 102.000000 -0.000000 0.000000 -1.000000
-53.688000 -26.610001 102.000000 -0.000000 0.000000 -1.000000
-44.213001 -23.350000 102.000000 -0.000000 0.000000 -1.000000
-52.316002 -29.377001 102.000000 -0.000000 0.000000 -1.000000
-50.667000 -31.989000 102.000000 -0.000000 0.000000 -1.000000
-41.320000 -28.153999 102.000000 0.000000 0.000000 -1.000000
-49.018002 -34.601002 102.000000 -0.000000 0.000000 -1.000000
-47.110001 -37.028999 102.000000 -0.000000 0.000000 -1.000000
-37.908001 -32.603001 102.000000 -0.000000 0.000000 -1.000000
-45.201000 -39.457001 102.000000 -0.000000 0.000000 -1.000000
-43.053001 -41.676998 102.000000 -0.000000 0.000000 -1.000000
-34.020000 -36.643002 102.000000 0.000000 0.000000 -1.000000
-40.903999 -43.896000 102.000000 -0.000000 0.000000 -1.000000
-38.539001 -45.882000 102.000000 -0.000000 0.000000 -1.000000
-29.702999 -40.221001 102.000000 -0.000000 0.000000 -1.000000
-36.174000 -47.868999 102.000000 -0.000000 0.000000 -1.000000
-33.617001 -49.602001 102.000000 -0.000000 0.000000 -1.000000
-25.013000 -43.293999 102.000000 0.000000 0.000000 -1.000000
-31.059999 -51.334999 102.000000 -0.000000 0.000000 -1.000000
-28.339001 -52.796001 102.000000 -0.000000 0.000000 -1.000000
-20.007999 -45.821999 102.000000 -0.000000 0.000000 -1.000000
-25.617001 -54.256001 102.000000 -0.000000 0.000000 -1.000000
-22.760000 -55.430000 102.000000 -0.000000 0.000000 -1.000000
-19.903000 -56.603001 102.000000 -0.000000 0.000000 -1.000000
-14.752000 -47.773998 102.000000 -0.000000 -0.000000 -1.000000
-16.940001 -57.476002 102.000000 -0.000000 0.000000 -1.000000
-13.977000 -58.348999 102.000000 -0.000000 0.000000 -1.000000
-9.310000 -49.125999 102.000000 0.000000 0.000000 -1.000000
-10.941000 -58.912998 102.000000 -0.000000 0.000000 -1.000000
-7.904000 -59.477001 102.000000 -0.000000 0.000000 -1.000000
-3.751000 -49.859001 102.000000 -0.000000 -0.000000 -1.000000
-4.825000 -59.726002 102.000000 -0.000000 0.000000 -1.000000
-1.747000 -59.974998 102.000000 -0.000000 0.000000 -1.000000
1.855000 -49.966000 102.000000 0.000000 0.000000 -1.000000
1.341000 -59.904999 102.000000 -0.000000 0.000000 -1.000000
4.429000 -59.835999 102.000000 -0.000000 0.000000 -1.000000
7.437000 -49.444000 102.000000 0.000000 -0.000000 -1.000000
7.494000 -59.450001 102.000000 -0.000000 0.000000 -1.000000
10.558000 -59.063999 102.000000 -0.000000 -0.000000 -1.000000
13.567000 -58.363998 102.000000 -0.000000 -0.000000 -1.000000
12.927000 -48.299999 102.000000 0.000000 -0.000000 -1.000000
16.575001 -57.665001 102.000000 -0.000000 -0.000000 -1.000000
19.496000 -56.660000 102.000000 -0.000000 -0.000000 -1.000000
18.253000 -46.549000 102.000000 -0.000000 0.000000 -1.000000
22.417000 -55.654999 102.000000 -0.000000 -0.000000 -1.000000
25.219000 -54.355000 102.000000 -0.000000 -0.000000 -1.000000
28.020000 -53.055000 102.000000 -0.000000 -0.000000 -1.000000
40.608002 -44.169998 119.000000 0.000000 0.000000 1.000000
44.935001 -39.759998 119.000000 0.000000 0.000000 1.000000
36.643002 -34.020000 119.000000 0.000000 0.000000 1.000000
40.221001 -29.702999 119.000000 0.000000 0.000000 1.000000
48.785000 -34.930000 119.000000 0.000000 0.000000 1.000000
43.293999 -25.013000 119.000000 0.000000 0.000000 1.000000
52.118000 -29.728001 119.000000 0.000000 0.000000 1.000000
45.821999 -20.007999 119.000000 0.000000 0.000000 1.000000
54.897999 -24.212000 119.000000 0.000000 0.000000 1.000000
57.097000 -18.438999 119.000000 0.000000 0.000000 1.000000
47.773998 -14.752000 119.000000 0.000000 0.000000 1.000000
58.689999 -12.470000 119.000000 0.000000 0.000000 1.000000
49.125999 -9.310000 119.000000 0.000000 0.000000 1.000000
59.660999 -6.370000 119.000000 0.000000 0.000000 1.000000
49.859001 -3.751000 119.000000 0.000000 0.000000 1.000000
60.000000 -0.202000 119.000000 0.000000 0.000000 1.000000
49.966000 1.855000 119.000000 0.000000 0.000000 1.000000
59.702000 5.969000 119.000000 0.000000 0.000000 1.000000
49.444000 7.437000 119.000000 0.000000 0.000000 1.000000
58.771999 12.076000 119.000000 0.000000 0.000000 1.000000
48.299999 12.927000 119.000000 0.000000 0.000000 1.000000
57.219002 18.055000 119.000000 0.000000 0.000000 1.000000
46.549000 18.253000 119.000000 0.000000 0.000000 1.000000
55.060001 23.841999 119.000000 0.000000 0.000000 1.000000
44.213001 23.350000 119.000000 -0.000000 0.000000 1.000000
52.316002 29.377001 119.000000 0.000000 0.000000 1.000000
41.320000 28.153999 119.000000 -0.000000 0.000000 1.000000
49.018002 34.601002 119.000000 0.000000 0.000000 1.000000
37.908001 32.603001 119.000000 -0.000000 0.000000 1.000000
45.201000 39.457001 119.000000 0.000000 0.000000 1.000000
34.020000 36.643002 119.000000 -0.000000 0.000000 1.000000
40.903999 43.896000 119.000000 0.000000 0.000000 1.000000
36.174000 47.868999 119.000000 0.000000 0.000000 1.000000
29.702999 40.221001 119.000000 -0.000000 0.000000 1.000000
31.059999 51.334999 119.000000 0.000000 0.000000 1.000000
25.013000 43.293999 119.000000 -0.000000 0.000000 1.000000
25.617001 54.256001 119.000000 0.000000 0.000000 1.000000
20.007999 45.821999 119.000000 -0.000000 0.000000 1.000000
19.903000 56.603001 119.000000 0.000000 0.000000 1.000000
14.752000 47.773998 119.000000 -0.000000 0.000000 1.000000
13.977000 58.348999 119.000000 0.000000 0.000000 1.000000
9.310000 49.125999 119.000000 -0.000000 0.000000 1.000000
7.904000 59.477001 119.000000 0.000000 0.000000 1.000000
3.751000 49.859001 119.000000 -0.000000 0.000000 1.000000
1.747000 59.974998 119.000000 0.000000 0.000000 1.000000
-1.855000 49.966000 119.000000 -0.000000 0.000000 1.000000
-4.429000 59.835999 119.000000 -0.000000 0.000000 1.000000
-7.437000 49.444000 119.000000 -0.000000 0.000000 1.000000
-10.558000 59.063999 119.000000 -0.000000 0.000000 1.000000
-12.927000 48.299999 119.000000 -0.000000 0.000000 1.000000
-16.575001 57.665001 119.000000 -0.000000 0.000000 1.000000
-18.253000 46.549000 119.000000 -0.000000 0.000000 1.000000
-22.417000 55.654999 119.000000 -0.000000 0.000000 1.000000
-23.350000 44.213001 119.000000 -0.000000 0.000000 1.000000
-28.020000 53.055000 119.000000 -0.000000 0.000000 1.000000
-33.327000 49.893002 119.000000 -0.000000 0.000000 1.000000
-28.153999 41.320000 119.000000 -0.000000 -0.000000 1.000000
-38.279999 46.202000 119.000000 -0.000000 0.000000 1.000000
-32.603001 37.908001 119.000000 -0.000000 -0.000000 1.000000
-42.827999 42.021000 119.000000 -0.000000 0.000000 1.000000
-36.643002 34.020000 119.000000 -0.000000 -0.000000 1.000000
-46.922001 37.395000 119.000000 -0.000000 0.000000 1.000000
-40.221001 29.702999 119.000000 -0.000000 -0.000000 1.000000
-50.518002 32.372002 119.000000 -0.000000 0.000000 1.000000
-43.293999 25.013000 119.000000 -0.000000 -0.000000 1.000000
-53.578999 27.006001 119.000000 -0.000000 0.000000 1.000000
-45.821999 20.007999 119.000000 -0.000000 -0.000000 1.000000
-56.070999 21.354000 119.000000 -0.000000 0.000000 1.000000
-47.773998 14.752000 119.000000 -0.000000 -0.000000 1.000000
-57.970001 15.475000 119.000000 -0.000000 0.000000 1.000000
-49.125999 9.310000 119.000000 -0.000000 -0.000000 1.000000
-59.254002 9.433000 119.000000 -0.000000 0.000000 1.000000
-49.859001 3.751000 119.000000 -0.000000 -0.000000 1.000000
-59.910000 3.290000 119.000000 -0.000000 0.000000 1.000000
-49.966000 -1.855000 119.000000 0.000000 -0.000000 1.000000
-59.931000 -2.887000 119.000000 -0.000000 0.000000 1.000000
-49.444000 -7.437000 119.000000 0.000000 -0.000000 1.000000
-59.316002 -9.034000 119.000000 -0.000000 -0.000000 1.000000
-58.073002 -15.085000 119.000000 0.000000 -0.000000 1.000000
-48.299999 -12.927000 119.000000 0.000000 -0.000000 1.000000
-56.214001 -20.976000 119.000000 0.000000 -0.000000 1.000000
-46.549000 -18.253000 119.000000 0.000000 -0.000000 1.000000
-53.758999 -26.645000 119.000000 0.000000 -0.000000 1.000000
-44.213001 -23.350000 119.000000 0.000000 -0.000000 1.000000
-50.735001 -32.030998 119.000000 0.000000 -0.000000 1.000000
-41.320000 -28.153999 119.000000 0.000000 -0.000000 1.000000
-47.172001 -37.077999 119.000000 0.000000 -0.000000 1.000000
-37.908001 -32.603001 119.000000 0.000000 -0.000000 1.000000
-43.110001 -41.731998 119.000000 0.000000 -0.000000 1.000000
-34.020000 -36.643002 119.000000 0.000000 -0.000000 1.000000
-38.590000 -45.943001 119.000000 0.000000 -0.000000 1.000000
-29.702999 -40.221001 119.000000 0.000000 -0.000000 1.000000
-33.661999 -49.667999 119.000000 0.000000 -0.000000 1.000000
-25.013000 -43.293999 119.000000 0.000000 -0.000000 1.000000
-28.375999 -52.866001 119.000000 0.000000 -0.000000 1.000000
-20.007999 -45.821999 119.000000 0.000000 -0.000000 1.000000
-22.790001 -55.502998 119.000000 0.000000 -0.000000 1.000000
-14.752000 -47.773998 119.000000 0.000000 -0.000000 1.000000
-16.962999 -57.551998 119.000000 0.000000 -0.000000 1.000000
-9.310000 -49.125999 119.000000 0.000000 -0.000000 1.000000
-10.955000 -58.991001 119.000000 0.000000 -0.000000 1.000000
-4.832000 -59.805000 119.000000 0.000000 -0.000000 1.000000
-3.751000 -49.859001 119.000000 0.000000 0.000000 1.000000
1.343000 -59.985001 119.000000 0.000000 -0.000000 1.000000
1.855000 -49.966000 119.000000 0.000000 0.000000 1.000000
7.504000 -59.528999 119.000000 0.000000 -0.000000 1.000000
7.437000 -49.444000 119.000000 0.000000 0.000000 1.000000
13.585000 -58.442001 119.000000 0.000000 0.000000 1.000000
12.927000 -48.299999 119.000000 0.000000 0.000000 1.000000
19.521999 -56.735001 119.000000 0.000000 0.000000 1.000000
18.253000 -46.549000 119.000000 0.000000 0.000000 1.000000
25.252001 -54.426998 119.000000 0.000000 0.000000 1.000000
23.350000 -44.213001 119.000000 0.000000 0.000000 1.000000
30.714001 -51.542000 119.000000 0.000000 0.000000 1.000000
28.153999 -41.320000 119.000000 0.000000 0.000000 1.000000
35.851002 -48.111000 119.000000 0.000000 0.000000 1.000000
32.603001 -37.908001 119.000000 0.000000 0.000000 1.000000
