0 1 2
3 4 5
6 7 8
4 3 9
8 7 10
11 12 13
12 14 13
14 12 15
12 16 15
17 16 12
18 17 12
12 11 18
19 18 11
11 20 19
21 22 23
23 24 21
24 25 26
27 26 25
25 28 27
29 30 31
32 29 33
34 32 33
35 34 33
36 35 31
37 36 28
28 25 37
25 24 38
39 38 24
24 23 39
40 39 23
20 11 41
13 41 11
42 43 13
41 13 43
39 40 44
44 45 39
38 39 45
46 47 37
36 37 47
47 48 36
35 36 48
34 35 49
50 34 51
52 53 54
55 56 57
58 57 56
56 59 58
59 60 61
62 61 60
63 64 65
65 66 63
67 63 66
68 69 67
70 68 71
72 71 68
66 65 73
74 75 76
60 59 77
59 56 78
56 55 79
55 80 79
80 55 81
79 80 82
83 79 82
55 84 81
85 84 55
86 87 88
89 90 91
92 93 94
94 95 92
95 96 97
96 98 99
98 100 101
102 101 100
103 102 104
102 105 104
106 105 102
100 106 102
107 108 109
110 111 112
113 112 111
111 114 113
115 113 114
114 116 115
117 118 119
120 117 121
121 122 120
123 120 122
122 124 123
125 123 124
124 126 125
126 127 128
127 129 128
129 127 130
127 107 130
108 107 127
131 108 127
127 126 131
126 124 132
133 132 124
124 122 133
122 121 134
135 136 119
137 135 116
116 114 137
114 111 138
111 139 138
140 141 142
143 144 145
146 143 145
147 148 149
150 147 149
149 151 150
151 152 153
154 153 152
152 155 154
156 157 158
158 159 156
159 160 161
162 161 160
160 146 162
163 164 145
161 162 165
165 166 161
157 156 167
167 168 157
153 154 169
169 170 153
170 171 150
147 150 171
171 172 147
173 147 172
174 175 176
177 176 175
178 177 175
179 180 173
181 174 148
174 176 148
149 148 176
176 177 149
151 149 177
152 151 182
182 183 152
155 152 183
183 184 155
184 185 158
159 158 185
160 159 186
186 187 160
146 160 187
187 188 146
143 146 188
189 190 143
191 189 192
193 192 189
194 193 188
188 187 194
195 194 187
187 186 195
185 184 196
197 196 184
184 183 197
183 182 198
177 178 199
200 201 202
203 204 205
206 203 205
206 207 203
208 209 210
211 212 213
214 213 212
214 212 215
212 216 215
216 212 217
212 211 218
211 219 220
221 220 219
222 223 224
225 224 223
223 226 225
227 225 226
228 229 230
208 230 229
209 208 231
209 231 232
231 233 232
234 233 231
235 236 229
229 228 235
237 235 228
238 237 226
226 223 238
239 238 223
223 222 239
240 241 219
219 211 240
213 242 243
243 244 240
241 240 244
244 245 241
245 246 239
238 239 246
246 247 238
237 238 247
247 248 237
235 237 248
248 249 235
236 235 249
250 251 234
251 252 234
253 254 255
256 257 258
259 256 260
261 260 256
262 261 263
263 264 262
265 262 264
264 266 265
267 268 269
269 270 267
271 267 270
270 272 271
273 274 275
275 254 273
254 253 273
276 273 253
254 277 255
277 254 278
279 278 254
254 275 279
280 279 275
281 280 272
272 270 281
270 269 282
283 282 269
284 283 266
266 264 284
264 263 285
258 285 263
286 287 288
289 290 291
291 292 293
292 294 295
296 295 294
294 297 296
297 298 299
298 300 301
300 302 303
288 304 286
305 306 288
304 288 306
306 307 304
307 308 303
308 309 301
295 296 310
310 311 295
311 312 293
312 313 289
314 289 313
314 313 315
258 315 313
285 258 313
313 312 285
312 311 284
283 284 311
311 310 283
282 283 310
280 281 309
309 308 280
279 280 308
308 307 279
278 279 307
307 306 278
306 316 278
277 278 316
316 306 317
306 305 317
288 318 305
287 318 288
318 287 319
287 320 319
321 322 320
320 287 321
323 321 287
287 286 323
324 323 286
325 324 302
302 300 325
300 298 326
327 326 298
298 297 327
328 327 297
297 294 328
329 328 294
294 292 329
292 291 203
204 203 291
291 290 204
200 330 314
315 200 314
201 200 315
315 258 201
258 257 201
202 201 257
331 332 259
333 331 259
259 260 333
199 333 260
260 261 198
261 262 197
196 197 262
262 265 196
268 267 195
194 195 267
267 271 194
193 194 271
192 193 274
274 273 192
334 192 273
273 276 334
143 190 335
144 143 335
145 144 336
163 145 336
337 251 164
251 250 165
166 165 250
249 248 167
168 167 248
248 247 168
247 246 169
170 169 246
246 245 170
171 170 245
245 244 171
172 171 244
244 243 172
338 172 243
243 242 338
339 338 242
340 339 242
341 342 343
344 345 346
347 348 349
350 347 351
352 353 354
353 355 356
355 357 358
359 358 357
342 359 360
342 361 362
359 342 362
362 363 359
358 359 363
363 364 358
365 366 354
366 367 350
347 350 367
348 347 368
369 370 344
371 372 373
374 375 376
377 378 376
379 377 376
380 379 381
382 380 383
383 384 382
385 382 384
386 385 387
388 389 390
391 390 389
389 392 391
372 371 393
394 393 371
394 395 393
390 391 396
396 397 390
397 398 386
385 386 398
398 399 385
382 385 399
399 400 382
380 382 400
379 380 401
401 402 379
377 379 402
403 404 377
402 403 377
405 406 403
403 402 407
402 401 408
409 410 400
400 399 409
399 398 411
412 411 398
398 397 412
413 412 397
397 396 413
414 413 396
395 415 414
416 417 418
419 420 421
422 421 420
423 422 424
425 426 427
428 425 429
429 430 428
431 428 430
430 432 431
433 431 432
434 433 435
436 418 434
437 438 439
440 441 415
442 443 394
371 442 394
444 445 446
445 373 446
372 446 373
447 446 372
448 447 372
392 389 449
450 449 389
389 388 450
451 450 388
384 383 452
375 453 381
375 454 369
453 375 369
367 366 451
450 451 366
366 365 450
449 450 365
364 363 448
447 448 363
363 362 447
455 447 362
362 361 455
456 455 361
457 456 361
458 138 459
138 139 459
460 459 139
438 461 110
439 438 110
110 112 439
434 439 112
433 434 112
112 113 433
431 433 113
113 115 431
428 431 115
425 428 118
118 117 425
426 425 117
117 120 426
120 123 423
422 423 123
123 125 422
421 422 125
462 421 128
128 129 462
463 464 465
466 465 464
464 467 466
468 466 467
467 469 468
470 468 469
469 471 470
472 470 471
471 473 472
474 472 473
475 474 476
476 477 475
477 478 479
480 479 478
478 481 480
481 482 480
480 482 483
484 480 483
109 108 484
480 484 108
479 480 108
108 131 479
474 475 132
132 133 474
472 474 133
470 472 134
468 470 136
136 135 468
466 468 135
135 137 466
465 466 137
138 458 465
463 465 458
458 141 463
141 140 463
140 142 485
142 216 485
217 485 216
464 485 217
467 464 217
469 467 218
471 469 220
220 221 471
473 471 221
224 225 476
477 476 225
225 227 477
478 477 227
481 478 230
230 208 481
208 486 481
421 462 487
419 421 487
420 419 488
489 420 488
490 420 489
420 490 106
106 100 424
100 98 491
98 96 427
96 95 429
430 429 95
95 94 430
432 430 94
492 436 88
88 87 492
493 492 87
494 493 87
495 496 497
498 499 500
499 498 501
502 503 504
505 506 507
507 508 505
509 505 508
510 509 511
511 512 510
512 513 514
513 515 514
516 517 515
518 519 495
497 518 495
497 513 518
513 512 520
512 511 521
522 521 511
508 507 523
524 525 503
503 502 524
526 524 502
527 528 501
501 498 527
528 527 529
530 528 529
530 85 528
524 526 57
57 58 524
525 524 58
61 62 523
521 522 531
64 63 520
63 67 518
519 518 67
67 69 519
532 519 69
533 534 70
535 533 70
70 71 535
414 535 71
413 414 71
71 72 413
412 413 72
411 412 73
75 74 409
410 409 74
79 83 405
536 405 83
406 405 536
377 404 537
378 377 537
538 539 540
538 540 541
539 538 542
376 378 543
374 376 543
544 346 545
546 52 547
548 549 550
551 552 553
554 555 556
556 557 554
558 554 557
557 559 558
559 560 561
562 561 560
560 563 562
564 562 563
565 566 567
568 569 570
569 568 571
572 573 574
575 576 577
578 577 576
576 579 578
579 580 581
582 581 580
580 583 582
584 582 583
585 586 587
588 589 585
585 589 590
591 585 590
592 593 594
593 592 595
596 595 592
592 597 596
598 599 600
600 601 598
602 598 601
601 603 602
604 602 603
603 605 604
606 604 605
607 608 609
608 610 611
610 612 611
613 614 615
616 613 615
617 618 619
620 619 618
621 622 623
624 625 626
627 626 625
628 629 630
631 630 629
632 633 634
634 620 632
618 635 636
637 638 639
640 641 642
643 642 641
644 645 646
645 647 646
648 647 645
645 649 650
651 652 653
653 654 651
655 651 654
654 656 655
657 655 656
658 659 660
661 660 659
641 661 643
641 662 663
661 641 663
660 661 664
664 665 660
665 666 657
655 657 666
666 667 655
651 655 667
667 668 651
652 651 668
668 669 652
669 670 650
648 671 672
671 648 673
670 673 648
674 675 676
676 673 674
677 674 673
673 670 677
670 669 678
679 678 669
669 668 679
668 667 680
667 666 681
682 681 666
666 665 682
665 664 683
684 683 664
663 685 684
686 684 685
686 687 684
683 684 687
687 688 683
688 689 682
681 682 689
690 691 680
691 692 679
678 679 692
674 677 693
694 674 695
696 697 695
698 696 693
699 698 700
692 691 701
702 701 691
691 690 702
703 702 690
704 703 689
689 688 704
705 704 688
688 687 705
687 706 705
707 708 709
710 711 708
712 713 714
715 714 713
713 716 715
717 715 716
718 719 720
721 718 720
722 723 724
724 723 725
723 726 725
726 723 727
728 727 723
723 729 728
730 728 729
729 731 730
732 730 731
731 733 732
734 735 736
736 737 734
738 734 737
737 739 738
740 741 742
743 744 745
746 747 748
749 750 751
752 753 754
755 756 757
758 759 760
741 740 743
745 741 743
745 718 741
718 721 738
734 738 721
735 734 761
730 732 716
716 713 730
728 730 713
713 712 728
727 728 712
707 727 708
727 707 762
726 727 762
763 764 765
766 767 768
769 766 768
770 771 772
771 773 772
774 775 776
777 776 775
778 777 779
779 780 778
781 778 780
782 781 783
783 784 782
785 786 787
788 785 789
789 790 788
791 788 790
790 792 791
792 769 791
768 791 769
768 793 791
788 791 793
785 788 794
794 795 785
786 785 795
795 796 786
796 797 782
781 782 797
797 798 781
778 781 798
777 778 799
799 800 777
776 777 800
763 776 764
776 763 801
764 802 765
802 764 803
804 805 800
800 799 804
798 797 806
797 796 807
796 795 808
795 794 809
793 810 811
812 813 810
814 815 816
772 792 817
818 817 792
792 790 818
790 789 819
820 819 789
821 820 787
784 783 822
780 779 823
824 825 775
826 827 828
827 826 829
830 831 832
833 831 830
831 833 834
708 835 709
711 835 708
836 711 825
711 710 823
714 715 822
715 717 821
820 821 717
819 820 837
817 818 838
839 817 720
720 719 839
840 839 719
841 840 719
814 842 686
685 663 815
663 662 815
816 815 662
843 844 640
640 642 845
811 845 642
642 643 809
659 658 807
656 654 846
654 653 804
805 804 653
649 645 803
645 644 803
802 803 644
675 674 847
674 694 847
695 848 694
697 848 695
638 849 639
850 849 638
851 850 638
638 852 851
852 853 854
855 854 853
853 856 855
857 855 856
856 858 857
858 859 860
859 861 862
863 862 861
861 864 863
865 863 864
866 867 865
868 866 869
870 869 866
871 870 864
864 861 871
861 859 872
859 858 873
874 873 858
858 856 874
856 853 875
876 875 853
853 852 876
877 876 852
852 638 877
638 637 877
878 877 637
879 877 878
879 697 877
876 877 697
697 696 876
875 876 696
696 698 875
698 699 874
873 874 699
701 702 872
702 703 871
870 871 703
703 704 870
869 870 704
704 705 869
880 869 705
705 706 880
749 751 868
881 746 867
746 748 867
865 867 748
748 882 865
863 865 882
882 883 863
862 863 883
883 884 862
885 886 857
855 857 886
854 855 887
887 888 854
888 889 851
850 851 889
890 850 891
892 893 894
895 892 894
895 891 892
896 892 891
889 888 897
888 887 898
886 885 899
900 899 885
901 900 884
884 883 901
902 901 883
883 882 902
903 902 882
904 905 906
907 908 909
910 909 908
908 911 910
912 910 911
911 913 912
913 914 915
916 915 914
914 917 916
918 916 917
917 919 918
920 918 919
921 922 923
924 921 923
925 924 926
927 925 928
929 927 930
930 931 929
932 929 931
933 934 935
935 936 933
937 938 939
939 938 940
941 939 940
941 942 939
934 933 943
943 944 934
929 932 945
945 946 929
927 929 946
946 947 927
925 927 947
947 948 925
924 925 948
921 924 949
949 950 921
951 921 950
952 953 954
955 956 957
955 958 959
950 960 961
951 950 961
961 959 951
959 958 951
958 955 922
955 957 922
923 922 957
957 962 923
963 964 928
931 930 965
936 935 966
937 967 968
967 937 969
970 969 971
972 971 969
973 972 974
975 976 977
978 979 964
964 963 978
980 981 962
982 983 984
984 981 982
981 980 982
983 985 920
984 983 920
920 919 984
981 984 919
919 917 978
979 978 917
917 914 979
914 913 975
976 975 913
913 911 976
911 908 986
908 907 973
972 973 907
971 972 987
988 971 989
989 990 988
991 990 989
992 991 989
993 991 994
995 994 991
991 992 995
996 997 909
909 910 996
910 912 998
999 998 912
1000 999 915
915 916 1000
916 918 1001
918 1002 1001
1003 753 1004
905 1005 617
906 905 617
617 619 906
902 906 619
901 902 619
619 620 901
900 901 620
620 634 900
899 900 634
629 628 898
625 624 896
892 896 624
893 892 623
623 1006 893
623 1007 1006
622 1007 623
1007 622 1008
622 1009 1008
1009 622 1010
622 621 1011
1012 1011 621
1013 1012 626
626 627 1013
1014 1013 627
630 631 1015
1016 1015 631
1017 1016 633
633 632 1017
1018 1019 1020
1019 1021 1022
1023 1022 1021
1024 1025 1026
1027 1028 1029
1030 1029 1028
1028 1031 1030
1032 1030 1031
1032 1031 1033
636 1033 1031
1031 1028 1017
1016 1017 1028
1028 1027 1016
1015 1016 1027
1025 1024 1014
1013 1014 1024
1012 1013 1021
1021 1019 1012
1011 1012 1019
1019 1018 1011
613 616 1010
1009 1010 616
614 613 1034
1035 1034 613
1036 1035 613
1037 1038 1039
1040 1037 1041
1041 1042 1040
1043 1044 1045
1045 1046 1043
1047 1043 1046
1048 1049 1050
1051 1050 1049
1052 1053 1054
1053 1055 1035
1035 1036 1051
1050 1051 1036
1043 1047 1022
1022 1023 1043
1044 1043 1023
1037 1040 1056
1038 1037 1029
1029 1030 1038
1030 1057 1038
1058 1059 1032
1060 1061 1062
954 953 1063
953 952 612
952 960 612
611 612 960
960 950 611
950 949 609
604 606 948
948 947 604
602 604 947
947 946 602
598 602 946
946 945 598
599 598 945
944 943 596
595 596 943
1064 595 942
1064 942 1065
942 941 1065
938 937 1066
937 968 1066
967 969 1067
969 970 1067
970 971 1068
971 988 1068
993 994 591
585 591 994
586 585 994
994 995 586
582 584 1069
581 582 997
997 996 581
577 578 998
998 999 577
999 1000 1070
1001 1004 574
572 574 1004
1004 753 572
753 752 572
752 754 1071
756 1071 757
573 1071 756
576 575 1072
1072 1073 576
579 576 1073
1073 1074 579
580 579 1074
1074 1075 580
583 580 1075
1076 1077 587
1078 588 1079
1080 1081 1082
1083 1084 1085
1085 1086 1083
1086 1087 1088
1089 1088 1087
1090 1089 1091
1091 1092 1090
1093 1090 1092
1092 1094 1093
1095 1093 1094
1094 1096 1095
1097 1095 1096
1098 1097 1099
1099 1100 1098
1097 1098 1101
1102 1097 1101
1102 1079 1097
1095 1097 1079
1093 1095 1077
1077 1076 1093
1090 1093 1076
1089 1090 1103
1088 1089 1075
1075 1074 1088
1074 1073 1083
1084 1083 1073
1073 1072 1084
756 755 1082
1080 1082 755
755 760 1080
760 759 1080
759 758 1104
758 740 1104
742 1104 740
1081 1104 742
1086 1085 739
739 737 1086
1087 1086 737
737 736 1087
1092 1091 1105
1094 1092 733
733 731 1094
1096 1094 731
731 729 1096
729 723 1099
723 722 1099
1100 1099 722
1106 1107 1108
1109 1107 1106
1107 1109 1110
1111 1112 1113
1111 1113 1114
828 827 1115
1052 1054 1116
1054 1117 1116
570 569 1117
1117 1054 570
562 564 1049
1049 1048 562
561 562 1048
1046 1045 558
554 558 1045
555 554 1042
1042 1041 555
1118 551 1039
1119 1120 1121
1122 1123 1124
1123 1125 1126
1125 1127 1128
1129 1128 1127
1130 1129 1131
1131 1132 1130
1133 1130 1132
1134 1133 1135
1136 1134 1137
1137 1138 1136
1138 1139 1140
1139 1141 1140
1141 1139 1142
1140 1141 1143
1144 1140 1143
1144 1145 1140
1134 1136 1146
1146 1147 1134
1133 1134 1147
1147 1148 1133
1130 1133 1148
1129 1130 1149
1128 1129 1150
1150 1151 1128
1120 1119 1124
1122 1124 1119
1119 549 1122
549 548 1122
548 550 1152
1061 1152 1062
1123 1152 1061
1125 1123 1061
1061 1153 1125
1127 1125 1153
1153 1154 1127
1154 1155 1131
1132 1131 1155
1156 1157 1135
1138 1137 1158
1158 1159 1138
1139 1138 1159
1160 1139 1161
1162 1161 1163
1164 1165 1159
1159 1158 1164
1166 1164 1158
1157 1156 1167
1168 1169 1155
1155 1154 1168
1170 1168 1154
1154 1153 1170
1171 1170 1153
1153 1061 1171
1061 1060 1171
1063 1171 1060
1063 610 1171
1170 1171 610
610 608 1170
1168 1170 608
608 607 1168
1169 1168 607
605 603 1167
603 601 1166
1164 1166 601
601 600 1164
1165 1164 600
597 592 1163
1172 1163 592
592 594 1172
1163 1172 1173
1162 1163 1173
1112 1111 1174
568 544 571
346 544 568
566 565 351
353 352 563
563 560 353
355 353 560
560 559 355
357 355 559
559 557 357
557 556 360
1175 343 553
553 552 1175
1176 1175 552
1177 1178 1118
1179 54 50
54 53 50
53 52 32
52 546 32
546 547 1180
547 1121 1180
1120 1180 1121
29 1180 1120
30 29 1120
26 27 1151
1151 1150 26
22 21 1149
1148 1147 19
18 19 1147
1147 1146 18
17 18 1146
1181 17 1145
1 0 1182
2 1 1183
499 1184 500
1184 499 1185
1186 1185 499
1187 1186 1188
1189 1187 1190
1191 1189 504
1192 1191 506
506 505 1192
505 509 1193
1194 1193 509
509 510 1194
1195 1196 514
514 515 1195
1197 86 1196
1193 1194 90
90 89 1193
1191 1192 93
93 92 1191
1189 1191 92
1187 1189 97
1186 1187 99
1185 1186 101
101 102 1185
102 103 1185
1184 1185 103
105 106 1198
106 490 1198
5 4 1199
7 6 1200
13 14 1201
42 13 1201
322 321 1202
1203 1202 321
321 323 1204
1205 1204 323
323 324 1205
324 325 1206
1207 1206 325
1208 1207 326
326 327 1208
327 328 1209
328 329 1210
207 1210 329
207 1211 1212
1210 207 1212
1213 1214 1208
1207 1208 1214
1214 1215 1207
1206 1207 1215
1215 1216 1206
1216 1217 1205
1204 1205 1217
1218 1219 1203
43 42 1220
1221 43 1220
1221 1218 43
45 44 1217
1217 1216 45
1216 1215 46
47 46 1215
1215 1214 47
48 47 1214
1214 1213 48
1222 51 1212
1212 1211 1222
1223 1222 1211
1224 1225 206
1226 1227 1228
1228 1227 1229
1228 1230 1226
1226 1230 1231
1232 1233 1234
1234 1233 1235
1235 1233 1236
1236 1233 1237
1237 1233 1238
1238 1233 1239
1239 1233 1240
1240 1233 1241
1241 1233 1242
1242 1233 1243
1242 1243 1244
1244 1245 1242
1242 1245 1246
1242 1246 1247
1247 1248 1242
1242 1248 1249
1249 1248 1250
1250 1248 1251
1230 1234 1231
1231 1234 1252
3 8 9
9 8 10
1253 1254 1255
1255 1254 1256
1255 1257 1253
1253 1257 1258
1259 1260 1261
1261 1260 1262
1261 1182 1259
1259 1182 0
1260 1256 1262
1262 1256 1254
1263 1264 1265
1265 1264 1266
1265 1266 1267
1267 1266 1268
1268 1266 1269
1269 1266 1270
1270 1266 1271
1271 1266 1272
1272 1266 1273
1273 1266 1274
1273 1274 1275
1275 1276 1273
1273 1276 1277
1277 1276 1278
1278 1276 1279
1279 1276 1280
1280 1276 1281
1280 1281 1282
20 22 19
19 22 1148
22 20 23
23 20 40
24 26 21
21 26 1150
28 30 27
27 30 1283
30 28 31
31 28 36
29 31 33
33 31 35
25 38 37
37 38 46
20 41 40
40 41 1284
41 43 1284
1284 43 1218
40 1284 44
44 1284 1285
38 45 46
46 45 1216
35 48 49
49 48 1213
34 49 51
51 49 1286
1287 1288 1289
1289 1288 1290
1289 1291 1287
1287 1291 1292
1293 1294 1295
1295 1294 1296
1295 1297 1293
1293 1297 1298
1288 1299 1290
1290 1299 1300
1301 1302 1303
1303 1302 1304
1303 1305 1301
1301 1305 1306
1307 1308 1309
1309 1308 1310
1309 1310 1311
1311 1312 1309
1309 1312 1313
1309 1313 1314
1314 1313 1315
1313 1316 1315
1315 1316 1317
1315 1317 1318
1318 1317 1319
1318 1319 1320
1320 1321 1318
1318 1321 1322
1318 1322 1323
1323 1322 1324
1322 1325 1324
1324 1325 1326
1305 1309 1306
1306 1309 1327
1309 1314 1327
1327 1314 1328
55 57 85
85 57 526
59 61 58
58 61 525
62 60 1329
1329 60 1330
1329 531 62
62 531 522
531 1329 76
76 1329 74
76 64 531
531 64 521
64 76 65
65 76 75
67 66 68
68 66 72
66 73 72
72 73 412
65 75 73
73 75 411
1329 1330 74
74 1330 410
60 77 1330
1330 77 408
59 78 77
77 78 407
56 79 78
78 79 405
1317 1316 1331
1331 1316 1332
1331 1333 1317
1317 1333 1319
1333 1334 1319
1319 1334 1320
1316 1313 1332
1332 1313 1335
1314 1300 1328
1328 1300 1299
1334 1336 1320
1320 1336 1321
530 1337 85
85 1337 84
517 1338 1339
1339 1338 1197
88 90 86
86 90 1194
90 88 91
91 88 436
89 91 1340
1340 91 435
1340 93 89
89 93 1192
93 1340 94
94 1340 432
95 97 92
92 97 1189
96 99 97
97 99 1187
98 101 99
99 101 1186
1341 1342 1343
1343 1342 1344
1343 1345 1341
1341 1345 1346
1347 1348 1349
1349 1348 1350
1349 1351 1347
1347 1351 1352
1351 1353 1352
1352 1353 1354
1353 1355 1354
1354 1355 1356
116 118 115
115 118 428
118 116 119
119 116 135
117 119 121
121 119 136
126 128 125
125 128 421
1357 1358 1359
1359 1358 1360
1359 1361 1357
1357 1361 1362
126 132 131
131 132 475
122 134 133
133 134 472
121 136 134
134 136 470
114 138 137
137 138 465
151 153 150
150 153 170
155 157 154
154 157 168
157 155 158
158 155 184
159 161 156
156 161 166
146 145 162
162 145 164
162 164 165
165 164 251
156 166 167
167 166 249
154 168 169
169 168 247
178 175 1363
1363 175 174
174 181 180
180 181 173
180 179 339
339 179 338
338 179 172
172 179 173
173 181 147
147 181 148
151 177 182
182 177 199
159 185 186
186 185 1364
143 188 189
189 188 193
186 1364 195
195 1364 268
185 196 1364
1364 196 265
183 198 197
197 198 261
182 199 198
198 199 260
333 1365 331
331 1365 1363
1363 1365 178
333 199 1365
1365 199 178
331 202 332
332 202 257
200 1366 330
330 1366 290
207 329 203
203 329 292
1367 1368 1369
1369 1368 1370
1369 1371 1367
1367 1371 1372
1371 1373 1372
1372 1373 1374
1373 1375 1374
1374 1375 1376
1375 1377 1376
1376 1377 1378
1379 1378 1380
1380 1378 1377
1380 1381 1379
1379 1381 1382
1383 1384 1385
1385 1384 1386
1385 1387 1383
1383 1387 1388
1384 1389 1386
1386 1389 1390
1391 1392 1393
1393 1392 1394
1393 1390 1391
1391 1390 1389
1395 1396 1397
1397 1396 1398
1397 1394 1395
1395 1394 1392
1399 1400 1401
1401 1400 1402
1400 1403 1402
1402 1403 1404
1404 1403 1405
1405 1403 1406
1406 1403 1407
1407 1403 1408
1408 1403 1409
1409 1403 1410
1403 1411 1410
1410 1411 1412
1410 1412 1413
1413 1414 1410
1410 1414 1415
1410 1415 1416
1416 1417 1410
1410 1417 1418
1396 1382 1398
1398 1382 1381
1419 1420 1409
1409 1420 1408
1409 1410 1419
1419 1410 1421
1420 1422 1408
1408 1422 1407
1422 1388 1407
1407 1388 1387
214 215 1423
1423 215 142
142 215 216
212 218 217
217 218 467
211 220 218
218 220 469
221 219 222
222 219 241
222 224 221
221 224 473
227 226 228
228 226 237
228 230 227
227 230 478
208 229 231
231 229 236
231 236 234
234 236 250
222 241 239
239 241 245
211 213 240
240 213 243
236 249 250
250 249 166
337 1424 251
251 1424 252
252 1425 234
234 1425 233
1426 1427 1428
1428 1427 1429
1428 1430 1426
1426 1430 1431
258 263 256
256 263 261
266 268 265
265 268 1364
268 266 269
269 266 283
272 274 271
271 274 193
274 272 275
275 272 280
1427 1432 1429
1429 1432 1433
1432 1434 1433
1433 1434 1435
1436 1437 1438
1438 1437 1439
1438 1440 1436
1436 1440 1441
1442 1443 1444
1444 1443 1445
1444 1446 1442
1442 1446 1447
1443 1448 1445
1445 1448 1449
1448 1450 1449
1449 1450 1451
1450 1452 1451
1451 1452 1453
1452 1439 1453
1453 1439 1437
1454 1455 1456
1456 1455 1457
1456 1457 1458
1458 1459 1456
1456 1459 1460
1456 1460 1461
1461 1460 1462
1460 1463 1462
1462 1463 1464
1462 1464 1465
1465 1464 1466
1465 1466 1467
1467 1468 1465
1465 1468 1469
1465 1469 1470
1470 1469 1471
1469 1472 1471
1471 1472 1473
1440 1462 1441
1441 1462 1474
1446 1435 1447
1447 1435 1434
1462 1465 1474
1474 1465 1475
1465 1470 1475
1475 1470 1476
1430 1477 1431
1431 1477 1472
1477 1478 1472
1472 1478 1473
1470 1471 1476
1476 1471 1479
1471 1473 1479
1479 1473 1478
270 282 281
281 282 1480
264 285 284
284 285 312
291 293 289
289 293 312
292 295 293
293 295 311
297 299 296
296 299 1480
298 301 299
299 301 309
300 303 301
301 303 308
302 304 303
303 304 307
304 302 286
286 302 324
299 309 1480
1480 309 281
296 1480 310
310 1480 282
300 326 325
325 326 1207
290 1366 204
204 1366 205
1366 1224 205
205 1224 206
290 289 330
330 289 314
257 256 332
332 256 259
334 1481 192
192 1481 191
191 1482 189
189 1482 190
163 1483 164
164 1483 337
242 213 340
340 213 214
214 1423 340
340 1423 339
341 1484 1485
1485 1484 1176
1176 1484 1175
1175 1484 343
343 1484 341
342 360 343
343 360 556
346 348 344
344 348 1486
348 346 349
349 346 568
347 349 351
351 349 566
350 351 352
352 351 565
352 354 350
350 354 366
353 356 354
354 356 365
355 358 356
356 358 364
359 357 360
360 357 557
356 364 365
365 364 449
347 367 368
368 367 1487
348 368 1486
1486 368 452
344 1486 369
369 1486 453
375 381 376
376 381 379
380 381 383
383 381 453
385 384 387
387 384 1487
386 387 388
388 387 451
388 390 386
386 390 397
392 393 391
391 393 395
393 392 372
372 392 448
391 395 396
396 395 414
380 400 401
401 400 410
403 407 405
405 407 78
402 408 407
407 408 77
401 410 408
408 410 1330
399 411 409
409 411 75
442 440 443
443 440 415
533 532 534
534 532 69
417 416 493
493 416 492
492 416 436
436 416 418
422 420 424
424 420 106
423 424 491
491 424 100
491 426 423
423 426 120
426 491 427
427 491 98
425 427 429
429 427 96
433 432 435
435 432 1340
434 435 436
436 435 91
439 434 437
437 434 418
418 417 437
437 417 438
438 460 461
461 460 139
440 533 441
441 533 535
535 414 441
441 414 415
415 395 443
443 395 394
371 373 442
442 373 445
445 444 456
456 444 455
455 444 447
447 444 446
392 449 448
448 449 364
387 1487 451
451 1487 367
384 452 1487
1487 452 368
383 453 452
452 453 1486
361 342 457
457 342 341
341 1485 457
457 1485 456
1177 1176 1178
1178 1176 552
460 141 459
459 141 458
139 111 461
461 111 110
1358 1488 1360
1360 1488 1489
1361 1490 1362
1362 1490 1491
1490 1492 1491
1491 1492 1493
1492 1494 1493
1493 1494 1495
474 473 476
476 473 224
477 479 475
475 479 131
463 140 464
464 140 485
486 1496 481
481 1496 482
486 208 1497
1497 208 210
1498 1344 1499
1499 1344 1342
1499 1500 1498
1498 1500 1501
1500 1502 1501
1501 1502 1503
1504 1505 1506
1506 1505 1507
1507 1505 1508
1508 1505 1509
1505 1510 1509
1509 1510 1511
1509 1511 1512
1512 1513 1509
1509 1513 1514
1509 1514 1515
1515 1514 1516
1516 1514 1517
1517 1514 1518
1518 1514 1519
1519 1514 1520
1519 1520 1521
1521 1522 1519
1519 1522 1523
1502 1350 1503
1503 1350 1348
1494 1524 1495
1495 1524 1525
1524 1526 1525
1525 1526 1527
1526 1528 1527
1527 1528 1529
1530 1531 1532
1532 1531 1533
1533 1531 1534
1534 1531 1535
1535 1531 1536
1536 1531 1537
1537 1531 1538
1538 1531 1539
1539 1531 1540
1540 1531 1541
1540 1541 1542
1542 1543 1540
1540 1543 1544
1540 1544 1545
1545 1546 1540
1540 1546 1547
1540 1547 1548
1540 1548 1549
1528 1550 1529
1529 1550 1541
1540 1549 1551
1551 1549 1552
1551 1489 1540
1540 1489 1488
1549 1548 1552
1552 1548 1553
1548 1547 1553
1553 1547 1554
1547 1546 1554
1554 1546 1555
1544 1543 1556
1556 1543 1557
1556 1558 1544
1544 1558 1545
1558 1555 1545
1545 1555 1546
1543 1542 1557
1557 1542 1559
1542 1541 1559
1559 1541 1550
87 86 494
494 86 1197
1197 1338 494
494 1338 493
501 1188 499
499 1188 1186
1188 501 1560
1560 501 528
1560 1190 1188
1188 1190 1187
1190 1560 502
502 1560 526
502 504 1190
1190 504 1189
503 506 504
504 506 1191
506 503 507
507 503 525
509 508 511
511 508 522
512 514 510
510 514 1196
515 513 516
516 513 497
497 496 516
516 496 517
1561 1562 1563
1563 1562 1564
1564 1562 1565
1565 1562 1566
1562 1567 1566
1566 1567 1568
1568 1567 1569
1569 1567 1570
1569 1570 1571
1571 1572 1569
1569 1572 1573
1569 1573 1574
1574 1575 1569
1569 1575 1576
1569 1576 1577
1577 1576 1578
1578 1576 1579
1579 1576 1580
1580 1576 1581
1581 1576 1582
1582 1576 1583
1583 1576 1584
1584 1576 1585
1585 1576 1586
1586 1576 1587
1587 1576 1588
1588 1576 1589
1589 1576 1590
1590 1576 1591
1591 1576 1592
1591 1592 1593
1593 1592 1594
1594 1592 1595
1595 1592 1596
1595 1596 1597
1595 1597 1598
1598 1597 1599
1599 1597 1600
1600 1597 1601
1601 1597 1602
1602 1597 1603
1603 1597 1604
1604 1597 1605
1597 1606 1605
1605 1606 1607
1605 1607 1608
1608 1609 1605
1605 1609 1610
1605 1610 1611
1611 1610 1612
1612 1610 1613
1613 1610 1614
1614 1610 1615
1615 1610 1616
1615 1616 1617
1615 1617 1618
1618 1617 1619
1619 1617 1620
1620 1617 1621
496 495 532
532 495 519
513 520 518
518 520 63
512 521 520
520 521 64
508 523 522
522 523 62
507 525 523
523 525 61
1560 528 526
526 528 85
69 68 534
534 68 70
1313 1312 1335
1335 1312 1622
1312 1311 1622
1622 1311 1623
1311 1304 1623
1623 1304 1302
406 1624 403
403 1624 404
1625 1626 1277
1277 1626 1273
1277 1278 1625
1625 1278 1627
540 1281 541
541 1281 1628
1281 1276 1628
1628 1276 1629
1630 1627 1279
1279 1627 1278
1279 539 1630
1630 539 542
374 1631 375
375 1631 454
454 1632 369
369 1632 370
370 1633 344
344 1633 345
345 1634 346
346 1634 545
1635 1636 1637
1637 1636 1638
1637 1639 1635
1635 1639 1640
553 555 551
551 555 1041
555 553 556
556 553 343
559 561 558
558 561 1046
564 563 565
565 563 352
565 567 564
564 567 1641
566 570 567
567 570 1054
570 566 568
568 566 349
1642 1643 1644
1644 1643 1645
1644 1646 1642
1642 1646 1647
1648 1649 1650
1650 1649 1651
1650 1652 1648
1648 1652 1653
1652 1654 1653
1653 1654 1655
1656 1657 1658
1658 1657 1659
1658 1660 1656
1656 1660 1661
1657 1662 1659
1659 1662 1663
1662 1664 1663
1663 1664 1665
1666 1667 1668
1668 1667 1669
1668 1670 1666
1666 1670 1671
1667 1672 1669
1669 1672 1673
1674 1675 1676
1676 1675 1677
1676 1678 1674
1674 1678 1679
1680 1645 1681
1681 1645 1643
1681 1679 1680
1680 1679 1678
1682 1683 1684
1684 1683 1685
1684 1685 1686
1686 1687 1684
1684 1687 1688
1684 1688 1689
1689 1690 1684
1684 1690 1691
1684 1691 1692
1692 1693 1684
1684 1693 1694
1684 1694 1695
1695 1696 1684
1684 1696 1697
1684 1697 1698
1698 1699 1684
1684 1699 1700
1684 1700 1701
1675 1671 1677
1677 1671 1670
1664 1651 1665
1665 1651 1649
1702 1703 1704
1704 1703 1705
1704 1705 1706
1704 1706 1707
1707 1706 1708
1708 1706 1709
1709 1706 1710
1709 1710 1711
1711 1712 1709
1709 1712 1713
1713 1712 1714
1714 1712 1715
1714 1715 1716
1714 1716 1717
1717 1716 1718
1717 1718 1719
1719 1720 1717
1717 1720 1721
1654 1709 1655
1655 1709 1722
1660 1723 1661
1661 1723 1712
1724 1725 1726
1726 1725 1727
1726 1728 1724
1724 1728 1729
1728 1730 1729
1729 1730 1731
573 1070 574
574 1070 1000
1070 573 575
575 573 756
575 577 1070
1070 577 999
579 581 578
578 581 996
584 583 1732
1732 583 1103
1732 586 584
584 586 995
586 1732 587
587 1732 1076
585 587 588
588 587 1077
1078 1733 588
588 1733 589
1734 1735 1736
1736 1735 1737
1736 1738 1734
1734 1738 1739
1740 1741 1742
1742 1741 1743
1742 1744 1740
1740 1744 1745
1744 1746 1745
1745 1746 1747
597 599 596
596 599 944
599 597 600
600 597 1165
606 605 607
607 605 1169
607 609 606
606 609 949
608 611 609
609 611 950
621 623 624
624 623 892
624 626 621
621 626 1012
627 625 628
628 625 897
628 630 627
627 630 1014
631 629 1748
1748 629 1749
1748 633 631
631 633 1016
633 1748 634
634 1748 899
620 618 632
632 618 636
645 650 648
648 650 670
649 652 650
650 652 669
652 649 653
653 649 805
657 656 658
658 656 806
658 660 657
657 660 665
661 659 643
643 659 808
661 663 664
664 663 684
1750 1751 1752
1752 1751 1753
1752 1754 1750
1750 1754 1755
1756 1757 1758
1758 1757 1759
1758 1759 1760
1760 1759 1761
1759 1762 1761
1761 1762 1763
1763 1762 1764
1764 1762 1765
1765 1762 1766
1766 1762 1767
1766 1767 1768
1768 1769 1766
1766 1769 1770
1766 1770 1771
1771 1772 1766
1766 1772 1773
1766 1773 1774
1774 1773 1775
1754 1758 1755
1755 1758 1776
670 678 677
677 678 700
668 680 679
679 680 691
667 681 680
680 681 690
665 683 682
682 683 688
681 689 690
690 689 703
678 692 700
700 692 699
677 700 693
693 700 698
674 693 695
695 693 696
692 701 699
699 701 873
710 708 712
712 708 727
712 714 710
710 714 1777
717 716 1778
1778 716 732
1778 837 717
717 837 820
837 1778 1779
1779 1778 1780
1779 1781 837
837 1781 819
1781 1779 761
761 1779 735
761 838 1781
1781 838 818
838 761 721
721 761 734
721 720 838
838 720 817
1782 1783 1784
1784 1783 1785
1784 1786 1782
1782 1786 1787
1783 1788 1785
1785 1788 1789
1790 1791 1792
1792 1791 1793
1792 1794 1790
1790 1794 1795
1796 1795 1797
1797 1795 1794
1797 1798 1796
1796 1798 1799
1798 1787 1799
1799 1787 1786
733 1780 732
732 1780 1778
1780 733 1105
1105 733 1092
1105 735 1780
1780 735 1779
735 1105 736
736 1105 1091
739 741 738
738 741 718
741 739 742
742 739 1085
748 747 882
882 747 903
903 747 1607
1607 747 746
746 881 751
751 881 868
755 757 760
760 757 754
754 757 1071
744 743 758
758 743 740
1800 1801 1802
1802 1801 1803
1802 834 1800
1800 834 833
1801 1804 1803
1803 1804 1805
1806 1807 1808
1808 1807 1809
1808 1809 1810
1810 1811 1808
1808 1811 1812
1808 1812 1813
1813 1814 1808
1808 1814 1815
1808 1815 1816
1816 1817 1808
1808 1817 1818
1808 1818 1819
1819 1820 1808
1808 1820 1821
1808 1821 1822
1808 1822 1823
1823 1822 1824
1823 1824 1825
810 793 767
767 793 768
769 773 766
766 773 771
772 773 792
792 773 769
777 775 779
779 775 825
781 780 783
783 780 1777
784 786 782
782 786 796
786 784 787
787 784 821
785 787 789
789 787 820
788 793 794
794 793 811
778 798 799
799 798 846
776 800 764
764 800 805
801 1826 776
776 1826 774
890 1827 850
850 1827 849
1828 1829 1768
1768 1829 1769
1768 1767 1828
1828 1767 1830
1829 1831 1769
1769 1831 1770
1831 1832 1770
1770 1832 1771
1832 1833 1771
1771 1833 1772
1773 1772 1834
1834 1772 1833
1834 1835 1773
1773 1835 1775
1836 1837 1774
1774 1837 1766
1774 1775 1836
1836 1775 1835
1837 1838 1766
1766 1838 1765
764 805 803
803 805 649
799 846 804
804 846 654
798 806 846
846 806 656
797 807 806
806 807 658
796 808 807
807 808 659
795 809 808
808 809 643
794 811 809
809 811 642
843 816 844
844 816 662
812 843 813
813 843 845
845 843 640
845 811 813
813 811 810
810 767 812
812 767 766
771 770 840
840 770 839
839 770 817
817 770 772
790 819 818
818 819 1781
784 822 821
821 822 715
783 1777 822
822 1777 714
780 823 1777
1777 823 710
779 825 823
823 825 711
824 775 1839
1839 775 774
826 1812 829
829 1812 1840
1812 1811 1840
1840 1811 1841
1811 830 1841
1841 830 832
836 1842 711
711 1842 835
824 1843 825
825 1843 836
719 718 841
841 718 745
745 744 841
841 744 840
814 750 842
842 750 706
706 687 842
842 687 686
686 685 814
814 685 815
662 641 844
844 641 640
647 648 1844
1844 648 672
1760 1761 1845
1845 1761 1846
1845 1776 1760
1760 1776 1758
1751 1847 1753
1753 1847 1762
671 673 1848
1848 673 676
1847 1830 1762
1762 1830 1767
1761 1763 1846
1846 1763 1849
1763 1764 1849
1849 1764 1850
1764 1765 1850
1850 1765 1838
879 1851 697
697 1851 848
852 854 851
851 854 888
858 860 857
857 860 885
859 862 860
860 862 884
865 864 866
866 864 870
861 872 871
871 872 702
859 873 872
872 873 701
856 875 874
874 875 698
706 750 880
880 750 749
880 749 869
869 749 868
868 881 866
866 881 867
860 884 885
885 884 900
855 886 887
887 886 1749
850 889 891
891 889 896
895 1852 891
891 1852 890
889 897 896
896 897 625
888 898 897
897 898 628
887 1749 898
898 1749 629
886 899 1749
1749 899 1748
906 902 904
904 902 903
903 1607 904
904 1607 905
992 989 987
987 989 971
987 1853 992
992 1853 1069
1853 987 907
907 987 972
907 909 1853
1853 909 997
913 915 912
912 915 999
924 923 926
926 923 962
925 926 928
928 926 963
927 928 930
930 928 964
932 931 1854
1854 931 977
1854 934 932
932 934 944
934 1854 935
935 1854 1855
936 939 933
933 939 942
939 936 937
937 936 974
933 942 943
943 942 595
932 944 945
945 944 599
924 948 949
949 948 606
957 956 962
962 956 980
980 956 1602
1602 956 955
959 961 952
952 961 960
951 958 921
921 958 922
926 962 963
963 962 981
930 964 965
965 964 979
931 965 977
977 965 975
1854 977 1855
1855 977 976
935 1855 966
966 1855 986
936 966 974
974 966 973
937 974 969
969 974 972
966 986 973
973 986 908
1855 976 986
986 976 911
965 979 975
975 979 914
963 981 978
978 981 919
980 1602 982
982 1602 983
983 1604 985
985 1604 1002
1002 918 985
985 918 920
992 1069 995
995 1069 584
1853 997 1069
1069 997 582
910 998 996
996 998 578
916 1001 1000
1000 1001 574
1004 1001 1003
1003 1001 1002
1002 1604 1003
1003 1604 753
905 1597 1005
1005 1597 635
635 618 1005
1005 618 617
622 1011 1010
1010 1011 1018
630 1015 1014
1014 1015 1025
632 636 1017
1017 636 1031
1036 613 1018
1018 613 1010
1018 1020 1036
1036 1020 1050
1019 1022 1020
1020 1022 1047
1023 1021 1024
1024 1021 1013
1024 1026 1023
1023 1026 1044
1025 1056 1026
1026 1056 1040
1056 1025 1027
1027 1025 1015
1027 1029 1056
1056 1029 1037
1037 1039 1041
1041 1039 551
1042 1044 1040
1040 1044 1026
1044 1042 1045
1045 1042 554
1047 1046 1048
1048 1046 561
1048 1050 1047
1047 1050 1020
1051 1049 1641
1641 1049 564
1641 1053 1051
1051 1053 1035
1053 1641 1054
1054 1641 567
1052 1856 1053
1053 1856 1857
1053 1857 1055
1057 1030 1059
1059 1030 1032
1032 1033 1058
1058 1033 1858
1033 636 1858
1858 636 635
635 1597 1858
1858 1597 1058
1063 1060 954
954 1060 1062
954 1062 550
550 1062 1152
1063 953 610
610 953 612
1859 1860 1861
1861 1860 1862
1861 1863 1859
1859 1863 1864
1860 1865 1862
1862 1865 1866
1865 1867 1866
1866 1867 1868
1064 1869 595
595 1869 593
1867 1870 1868
1868 1870 1871
1872 1873 1874
1874 1873 1875
1874 1875 1876
1876 1877 1874
1874 1877 1878
1874 1878 1879
1879 1880 1874
1874 1880 1881
1881 1880 1882
1882 1880 1883
1880 1884 1883
1883 1884 1885
1883 1885 1886
1886 1887 1883
1883 1887 1888
1888 1887 1889
1889 1887 1890
1889 1890 1891
1870 1874 1871
1871 1874 1892
1874 1881 1892
1892 1881 1893
1881 1739 1893
1893 1739 1738
1741 1894 1743
1743 1894 1886
1746 1864 1747
1747 1864 1863
1895 1896 1897
1897 1896 1898
1897 1899 1895
1895 1899 1900
1896 1901 1898
1898 1901 1902
1903 1902 1904
1904 1902 1901
1904 1905 1903
1903 1905 1906
990 991 1907
1907 991 993
572 752 573
573 752 1071
575 756 1072
1072 756 1082
583 1075 1103
1103 1075 1089
1732 1103 1076
1076 1103 1090
588 1077 1079
1079 1077 1095
1102 1908 1079
1079 1908 1078
1081 1084 1082
1082 1084 1072
1084 1081 1085
1085 1081 742
1086 1088 1083
1083 1088 1074
1089 1087 1091
1091 1087 736
1097 1096 1099
1099 1096 729
1080 759 1081
1081 759 1104
1909 1900 1910
1910 1900 1899
1910 1911 1909
1909 1911 1912
1911 1913 1912
1912 1913 1914
1913 1915 1914
1914 1915 1916
1917 1918 1919
1919 1918 1920
1920 1918 1921
1921 1918 1922
1922 1918 1923
1923 1918 1924
1924 1918 1925
1925 1918 1926
1926 1918 1927
1927 1918 1928
1927 1928 1929
1929 1930 1927
1927 1930 1931
1927 1931 1932
1932 1933 1927
1927 1933 1934
1927 1934 1935
1927 1935 1936
1915 1789 1916
1916 1789 1788
1905 1927 1906
1906 1927 1937
1927 1793 1937
1937 1793 1791
1938 1939 1825
1825 1939 1823
1825 1731 1938
1938 1731 1730
1939 1805 1823
1823 1805 1804
1108 1114 1106
1106 1114 1113
1109 1940 1110
1110 1940 1941
1725 1819 1727
1727 1819 1942
1819 1818 1942
1942 1818 1943
1818 1817 1943
1943 1817 1944
1817 1816 1944
1944 1816 1945
1816 1815 1945
1945 1815 1946
1815 828 1946
1946 828 1115
1947 1948 1720
1720 1948 1721
1720 1719 1947
1947 1719 1949
1950 1951 1717
1717 1951 1714
1717 1721 1950
1950 1721 1948
1719 1718 1949
1949 1718 1952
1718 1716 1952
1952 1716 1953
1716 1715 1953
1953 1715 1954
1951 1955 1714
1714 1955 1713
1955 1722 1713
1713 1722 1709
1715 1712 1954
1954 1712 1723
1646 1956 1647
1647 1956 1688
1956 1957 1688
1688 1957 1689
1957 1958 1689
1689 1958 1690
1958 1959 1690
1690 1959 1691
1959 1960 1691
1691 1960 1692
1960 1961 1692
1692 1961 1693
1961 1962 1693
1693 1962 1694
1034 1035 1963
1963 1035 1055
1962 1964 1694
1694 1964 1695
1964 1965 1695
1695 1965 1696
1965 1673 1696
1696 1673 1672
1118 1039 1966
1966 1039 1038
1966 1038 1967
1967 1038 1057
1057 1592 1967
1967 1592 1966
1592 1177 1966
1966 1177 1118
1057 1059 1592
1592 1059 1058
547 549 1121
1121 549 1119
1123 1126 1124
1124 1126 1283
1125 1128 1126
1126 1128 1151
1129 1127 1131
1131 1127 1154
1133 1132 1135
1135 1132 1156
1134 1135 1137
1137 1135 1157
1138 1140 1136
1136 1140 1145
1136 1145 1146
1146 1145 17
1130 1148 1149
1149 1148 22
1129 1149 1150
1150 1149 21
1126 1151 1283
1283 1151 27
1124 1283 1120
1120 1283 30
1122 548 1123
1123 548 1152
1132 1155 1156
1156 1155 1169
1137 1157 1158
1158 1157 1166
1139 1159 1161
1161 1159 1165
1161 1165 1163
1163 1165 597
1157 1167 1166
1166 1167 603
1156 1169 1167
1167 1169 605
1162 1968 1161
1161 1968 1160
1160 1969 1139
1139 1969 1142
1970 1971 1972
1972 1971 1973
1972 1640 1970
1970 1640 1639
1974 1975 1976
1976 1975 1977
1976 1978 1974
1974 1978 1979
1978 1941 1979
1979 1941 1940
1971 1980 1973
1973 1980 1981
1980 1982 1981
1981 1982 1983
1982 1984 1983
1983 1984 1985
1986 1987 1988
1988 1987 1989
1987 1990 1989
1989 1990 1991
1989 1991 1992
1992 1993 1989
1989 1993 1994
1994 1993 1995
1995 1993 1996
1993 1997 1996
1996 1997 1998
1996 1998 1999
1999 2000 1996
1996 2000 2001
1996 2001 2002
2002 2003 1996
1996 2003 2004
2004 2003 2005
1984 2006 1985
1985 2006 1990
2006 1977 1990
1990 1977 1975
2007 2008 1891
1891 2008 1889
1891 1890 2007
2007 1890 2009
2008 1737 1889
1889 1737 1735
1890 1887 2009
2009 1887 2010
1887 1886 2010
2010 1886 1894
1636 2005 1638
1638 2005 2011
2005 2003 2011
2011 2003 2012
2003 2002 2012
2012 2002 2013
2002 1112 2013
2013 1112 1174
552 551 1178
1178 551 1118
1224 1223 1225
1225 1223 1211
54 1179 1223
1223 1179 1222
1222 1179 51
51 1179 50
50 53 34
34 53 32
32 546 29
29 546 1180
1181 2014 17
17 2014 16
1181 1145 2015
2015 1145 1144
1257 1268 1258
1258 1268 2016
1268 1269 2016
2016 1269 2017
1269 1270 2017
2017 1270 2018
2019 2018 1271
1271 2018 1270
1271 1272 2019
2019 1272 2020
1272 1273 2020
2020 1273 1626
1183 1629 2
2 1629 1276
1291 1296 1292
1292 1296 1294
1297 1321 1298
1298 1321 1336
505 1193 1192
1192 1193 89
510 1196 1194
1194 1196 86
515 517 1195
1195 517 1339
1195 1339 1196
1196 1339 1197
1199 1346 5
5 1346 1345
1355 2021 1356
1356 2021 1520
2022 1200 1519
1519 1200 6
1519 1523 2022
2022 1523 2023
1523 1522 2023
2023 1522 2024
1522 1521 2024
2024 1521 2025
1521 1520 2025
2025 1520 2021
1410 1370 1421
1421 1370 1368
1234 1235 1252
1252 1235 2026
1235 1236 2026
2026 1236 2027
1236 1237 2027
2027 1237 2028
1237 1238 2028
2028 1238 2029
1238 1239 2029
2029 1239 2030
2031 2030 1240
1240 2030 1239
1240 1241 2031
2031 1241 2032
1241 1242 2032
2032 1242 2033
1227 2034 1229
1229 2034 1244
2034 2035 1244
1244 2035 1245
2035 2036 1245
1245 2036 1246
2036 2037 1246
1246 2037 1247
2037 2038 1247
1247 2038 1248
321 1204 1203
1203 1204 1285
324 1206 1205
1205 1206 1216
327 1209 1208
1208 1209 1213
328 1210 1209
1209 1210 1286
1210 1212 1286
1286 1212 51
1209 1286 1213
1213 1286 49
1204 1217 1285
1285 1217 44
1203 1285 1218
1218 1285 1284
2039 2033 1249
1249 2033 1242
1249 1250 2039
2039 1250 2040
2041 2040 1251
1251 2040 1250
1251 1248 2041
2041 1248 2038
1221 2042 1218
1218 2042 1219
1219 2043 1203
1203 2043 1202
1211 207 1225
1225 207 206
2044 2045 2046
2046 2045 2047
2046 2047 2048
2048 2047 2049
2048 2049 2050
2050 2051 2048
2048 2051 2052
2048 2052 2053
2044 2046 2054
2054 2046 2055
2055 2046 2056
2056 2046 2057
2046 2058 2057
2057 2058 2059
2058 2060 2059
2059 2060 2061
2059 2061 2062
2062 2061 2063
2062 2063 2064
2062 2064 2065
2065 2064 2066
2065 2066 2067
2067 2066 2068
2067 2068 2069
2069 2068 2070
2069 2070 2071
2071 2070 2072
2071 2072 2073
2073 2072 2074
2073 2074 2075
2075 2074 2076
2075 2076 2053
2053 2076 2048
2076 2077 2048
2048 2077 2078
2048 2078 2079
2079 2080 2048
2048 2080 2081
2048 2081 2082
2058 2046 2083
2083 2046 2084
2084 2046 2085
2085 2046 2086
2086 2046 2087
2087 2046 2088
2087 2088 2089
2089 2090 2087
2087 2090 2091
2087 2091 2092
2092 2093 2087
2087 2093 2094
2087 2094 2095
2095 2094 2096
2095 2096 2097
2097 2098 2095
2095 2098 2099
2095 2099 2100
2100 2099 2101
2100 2101 2102
2102 2103 2100
2100 2103 2104
2100 2104 2046
2046 2104 2105
2046 2105 2106
2106 2107 2046
2046 2107 2108
2046 2108 2109
2088 2046 2109
2046 2048 2100
2100 2048 2110
2100 2110 2111
2111 2110 2112
2111 2112 2113
2113 2112 2114
2113 2114 2115
2115 2114 2116
2115 2116 2117
2117 2116 2118
2117 2118 2119
2119 2118 2120
2119 2120 2121
2121 2120 2122
2122 2120 2123
2123 2120 2124
2124 2120 2125
2125 2120 2126
2126 2120 2127
2127 2120 2128
2127 2128 2129
2129 2128 2130
2129 2130 2131
2131 2130 2132
2131 2132 2133
2133 2132 2134
2133 2134 2135
2135 2134 2136
2128 2120 2137
2137 2120 2138
2138 2120 2139
2139 2120 2140
2140 2120 2141
2141 2120 2142
2142 2120 2143
2143 2120 2118
2143 2118 2144
2144 2118 2145
2145 2118 2146
2146 2118 2147
2146 2147 2148
2148 2147 2149
2149 2147 2150
2150 2147 2151
2151 2147 2152
2152 2147 2153
2153 2147 2154
2154 2147 2155
2121 2156 2119
2119 2156 2157
2119 2157 2158
2158 2159 2119
2119 2159 2160
2119 2160 2161
2161 2160 2162
2161 2162 2163
2163 2164 2161
2161 2164 2136
2161 2136 2134
2134 2165 2161
2161 2165 2166
2161 2166 2167
2167 2168 2161
2161 2168 2169
2161 2169 2170
2170 2171 2161
2161 2171 2172
2161 2172 2173
2173 2174 2161
2161 2174 2175
2161 2175 2176
2176 2175 2177
2176 2177 2178
2178 2179 2176
2176 2179 2180
2176 2180 2181
2181 2182 2176
2176 2182 2183
2176 2183 2184
2184 2185 2176
2176 2185 2186
2176 2186 2187
2187 2188 2176
2176 2188 2189
2176 2189 2190
2190 2189 2191
2191 2189 2192
2192 2189 2193
2189 2194 2193
2193 2194 2195
2194 2196 2195
2195 2196 2197
2196 2198 2197
2197 2198 2199
2190 2200 2176
2176 2200 2201
2176 2201 2202
2202 2203 2176
2176 2203 2204
2176 2204 2119
2119 2204 2205
2119 2205 2206
2176 2119 2161
2206 2207 2119
2119 2207 2208
2119 2208 2209
2209 2210 2119
2119 2210 2211
2119 2211 2117
2117 2211 2212
2117 2212 2213
2213 2214 2117
2117 2214 2215
2117 2215 2216
2216 2215 2217
2216 2217 2218
2218 2219 2216
2216 2219 2220
2216 2220 2204
2204 2220 2221
2204 2221 2222
2222 2223 2204
2204 2223 2224
2204 2224 2225
2204 2225 2205
2117 2216 2115
2115 2216 2226
2115 2226 2113
2113 2226 2227
2113 2227 2111
2111 2227 2228
2111 2228 2100
2100 2228 2095
2203 2229 2204
2204 2229 2230
2204 2230 2231
2231 2232 2204
2204 2232 2233
2204 2233 2234
2234 2233 2235
2234 2235 2236
2236 2237 2234
2234 2237 2238
2234 2238 2199
2199 2198 2234
2234 2198 2239
2234 2239 2240
2240 2241 2234
2234 2241 2242
2234 2242 2243
2243 2244 2234
2234 2244 2245
2234 2245 2246
2246 2245 2247
2246 2247 2248
2248 2249 2246
2246 2249 2250
2246 2250 2251
2251 2250 2252
2252 2250 2253
2253 2250 2254
2253 2254 2255
2255 2254 2256
2256 2254 2257
2257 2254 2258
2258 2254 2259
2259 2254 2260
2259 2260 2261
2261 2260 2262
2262 2260 2263
2263 2260 2264
2251 2265 2246
2246 2265 2266
2246 2266 2267
2249 2268 2250
2250 2268 2269
2250 2269 2270
2270 2271 2250
2250 2271 2272
2250 2272 2273
2273 2274 2250
2250 2274 2275
2250 2275 2254
2254 2275 2276
2254 2276 2277
2277 2278 2254
2254 2278 2279
2254 2279 2280
2280 2279 2281
2281 2279 2282
2282 2279 2283
2283 2279 2284
2284 2279 2285
2284 2285 2286
2284 2286 2287
2287 2286 2288
2287 2288 2289
2289 2288 2290
2289 2290 2291
2291 2290 2292
2291 2292 2293
2291 2293 2294
2294 2293 2295
2294 2295 2296
2296 2297 2294
2294 2297 2298
2294 2298 2299
2294 2299 2300
2300 2299 2260
2300 2260 2301
2301 2260 2302
2302 2260 2303
2303 2260 2304
2260 2254 2304
2304 2254 2305
2305 2254 2306
2306 2254 2307
2307 2254 2308
2308 2254 2309
2309 2254 2310
2310 2254 2280
2299 2311 2260
2260 2311 2312
2260 2312 2313
2313 2314 2260
2260 2314 2315
2260 2315 2316
2204 2234 2216
2216 2234 2246
2216 2246 2226
2226 2246 2317
2226 2317 2227
2227 2317 2318
2227 2318 2228
2228 2318 2319
2228 2319 2095
2095 2319 2320
2095 2320 2087
2087 2320 2321
2087 2321 2322
2322 2321 2323
2323 2321 2324
2324 2321 2325
2325 2321 2326
2326 2321 2327
2327 2321 2328
2328 2321 2329
2328 2329 2330
2330 2329 2331
2330 2331 2332
2330 2332 2333
2333 2332 2334
2333 2334 2335
2335 2334 2336
2334 2337 2336
2336 2337 2338
2336 2338 2339
2339 2338 2340
2338 2341 2340
2340 2341 2342
2340 2342 2343
2343 2342 2344
2343 2344 2345
2345 2346 2343
2343 2346 2347
2347 2346 2348
2348 2346 2087
2348 2087 2349
2349 2087 2350
2350 2087 2351
2351 2087 2352
2087 2322 2352
2346 2353 2087
2087 2353 2354
2087 2354 2355
2086 2087 2355
2329 2321 2356
2356 2321 2357
2357 2321 2358
2358 2321 2359
2359 2321 2360
2360 2321 2361
2321 2320 2361
2361 2320 2362
2362 2320 2363
2363 2320 2364
2246 2267 2317
2317 2267 2365
2317 2365 2366
2366 2367 2317
2317 2367 2368
2317 2368 2369
2317 2369 2318
2318 2369 2370
2318 2370 2371
2371 2264 2318
2318 2264 2260
2318 2260 2372
2372 2260 2373
2373 2260 2374
2374 2260 2375
2374 2375 2376
2376 2375 2377
2377 2375 2378
2378 2375 2379
2379 2375 2380
2380 2375 2381
2380 2381 2382
2382 2381 2383
2383 2381 2384
2384 2381 2385
2260 2316 2375
2375 2316 2386
2375 2386 2387
2372 2388 2318
2318 2388 2319
2388 2389 2319
2319 2389 2390
2319 2390 2391
2391 2392 2319
2319 2392 2393
2319 2393 2394
2319 2394 2320
2320 2394 2395
2320 2395 2396
2396 2397 2320
2320 2397 2385
2320 2385 2381
2320 2381 2364
2364 2381 2398
2398 2381 2399
2399 2381 2400
2400 2381 2401
2401 2381 2402
2402 2381 2403
2403 2381 2404
2404 2381 2405
2405 2381 2406
2405 2406 2407
2405 2407 2408
2408 2407 2409
2408 2409 2410
2410 2409 2411
2410 2411 2412
2412 2411 2413
2412 2413 2414
2414 2413 2415
2414 2415 2416
2414 2416 2417
2417 2416 2418
2416 2419 2418
2418 2419 2387
2419 2420 2387
2387 2420 2421
2387 2421 2422
2422 2423 2387
2387 2423 2375
2423 2424 2375
2375 2424 2425
2375 2425 2426
2426 2427 2375
2375 2427 2428
2375 2428 2429
2375 2429 2381
2381 2429 2430
2381 2430 2431
2406 2381 2431
2048 2082 2110
2110 2082 2432
2110 2432 2433
2433 2434 2110
2110 2434 2435
2110 2435 2436
2436 2435 2437
2437 2435 2438
2438 2435 2439
2439 2435 2440
2440 2435 2441
2440 2441 2442
2442 2441 2443
2443 2441 2444
2444 2441 2445
2445 2441 2446
2446 2441 2447
2446 2447 2448
2448 2447 2449
2436 2450 2110
2110 2450 2451
2110 2451 2452
2452 2453 2110
2110 2453 2112
2453 2454 2112
2112 2454 2455
2112 2455 2456
2456 2457 2112
2112 2457 2458
2112 2458 2459
2112 2459 2114
2114 2459 2449
2114 2449 2447
2434 2460 2435
2435 2460 2461
2435 2461 2462
2462 2463 2435
2435 2463 2464
2435 2464 2465
2465 2466 2435
2435 2466 2467
2435 2467 2468
2468 2467 2469
2467 2470 2469
2469 2470 2471
2470 2472 2471
2471 2472 2473
2471 2473 2474
2474 2473 2475
2473 2476 2475
2475 2476 2477
2468 2478 2435
2435 2478 2479
2435 2479 2480
2480 2481 2435
2435 2481 2441
2481 2482 2441
2441 2482 2483
2441 2483 2484
2484 2485 2441
2441 2485 2486
2441 2486 2487
2487 2488 2441
2441 2488 2447
2487 2489 2488
2488 2489 2490
2488 2490 2491
2491 2492 2488
2488 2492 2477
2488 2477 2476
2476 2493 2488
2488 2493 2494
2488 2494 2495
2495 2496 2488
2488 2496 2497
2488 2497 2498
2488 2498 2499
2499 2498 2500
2499 2500 2501
2501 2502 2499
2499 2502 2503
2499 2503 2504
2504 2505 2499
2499 2505 2506
2499 2506 2507
2507 2508 2499
2499 2508 2509
2499 2509 2510
2510 2511 2499
2499 2511 2512
2499 2512 2513
2513 2514 2499
2499 2514 2515
2499 2515 2516
2488 2499 2447
2447 2499 2517
2447 2517 2518
2518 2519 2447
2447 2519 2520
2447 2520 2521
2517 2499 2522
2522 2499 2523
2523 2499 2524
2524 2499 2525
2499 2516 2525
2525 2516 2526
2526 2516 2527
2527 2516 2528
2527 2528 2529
2529 2528 2530
2530 2528 2531
2531 2528 2532
2528 2533 2532
2532 2533 2534
2534 2533 2535
2535 2533 2536
2536 2533 2537
2537 2533 2538
2538 2533 2521
2521 2533 2447
2528 2539 2533
2533 2539 2540
2533 2540 2541
2541 2155 2533
2533 2155 2147
2533 2147 2542
2542 2147 2543
2543 2147 2544
2544 2147 2118
2544 2118 2545
2545 2118 2546
2546 2118 2547
2547 2118 2116
2547 2116 2548
2548 2116 2549
2549 2116 2550
2550 2116 2551
2551 2116 2552
2552 2116 2114
2552 2114 2553
2553 2114 2554
2554 2114 2555
2555 2114 2447
2555 2447 2556
2556 2447 2557
2557 2447 2558
2558 2447 2559
2447 2533 2559
2559 2533 2560
2560 2533 2561
2561 2533 2562
2562 2533 2563
2563 2533 2542
