37.237000 7.500000 47.546997 0.620632 0.001552 0.784101
39.609001 -9.500000 45.567993 0.660169 -0.001573 0.751115
41.876999 7.500000 43.468994 0.697957 -0.000022 0.716140
-37.237000 7.500000 47.546997 -0.620632 0.001552 0.784101
-34.764999 -9.500000 49.402008 -0.579399 -0.001585 0.815043
-32.202000 7.500000 51.127014 -0.536683 -0.000035 0.843784
-57.609001 -9.500000 -16.268997 -0.960148 -0.001573 -0.279489
-58.396000 7.500000 -13.281006 -0.973262 -0.000010 -0.229696
-56.668999 7.500000 -19.212997 -0.944479 -0.000006 -0.328570
-3.089000 -9.500000 -59.419998 -0.051420 -0.001576 -0.998676
-6.169000 7.500000 -59.182007 -0.102826 -0.000004 -0.994699
0.000000 7.500000 -59.500000 0.000000 0.001535 -0.999999
15.280000 -9.500000 -57.522003 0.254632 -0.001556 -0.967037
12.273000 7.500000 -58.231003 0.204504 0.000003 -0.978866
18.247000 7.500000 -56.658005 0.304127 0.000004 -0.952632
24.027000 7.500000 -54.479004 0.400452 -0.000003 -0.916318
21.165001 -9.500000 -55.643005 0.352754 -0.001566 -0.935715
26.826000 -9.500000 -53.169006 0.447046 -0.001557 -0.894509
29.552999 7.500000 -51.716995 0.492504 0.000017 -0.870310
32.202000 -9.500000 -50.126999 0.536709 -0.001547 -0.843766
34.764999 7.500000 -48.401993 0.579447 0.000007 -0.815010
39.609001 7.500000 -44.567993 0.660169 0.001573 -0.751116
37.237000 -9.500000 -46.546997 0.620606 -0.001557 -0.784121
41.876999 -9.500000 -42.468994 0.697974 -0.001545 -0.716122
44.033001 7.500000 -40.255997 0.733876 0.000024 -0.679283
9.233000 -9.500000 -58.785004 0.153963 -0.001563 -0.988075
6.169000 7.500000 -59.182007 0.102826 -0.000004 -0.994699
3.089000 -9.500000 -59.419998 0.051420 -0.001576 -0.998676
-47.990002 7.500000 -35.513000 -0.799815 0.000027 -0.600247
-49.780998 -9.500000 -32.994995 -0.829639 -0.001543 -0.558298
-51.438999 7.500000 -30.388000 -0.857310 0.001579 -0.514797
-46.073002 -9.500000 -37.936005 -0.767858 -0.001535 -0.640619
-44.033001 7.500000 -40.255997 -0.733876 0.000024 -0.679283
-41.876999 -9.500000 -42.468994 -0.697974 -0.001545 -0.716122
-39.609001 7.500000 -44.567993 -0.660169 0.001573 -0.751116
-37.237000 -9.500000 -46.546997 -0.620606 -0.001557 -0.784121
-34.764999 7.500000 -48.401993 -0.579447 0.000007 -0.815010
-32.202000 -9.500000 -50.126999 -0.536709 -0.001547 -0.843766
-29.552999 7.500000 -51.716995 -0.492504 0.000017 -0.870310
-26.826000 -9.500000 -53.169006 -0.447046 -0.001557 -0.894509
-24.027000 7.500000 -54.479004 -0.400452 -0.000003 -0.916318
-18.247000 7.500000 -56.658005 -0.304127 0.000004 -0.952632
-21.165001 -9.500000 -55.643005 -0.352754 -0.001566 -0.935715
-15.280000 -9.500000 -57.522003 -0.254632 -0.001556 -0.967037
-12.273000 7.500000 -58.231003 -0.204504 0.000003 -0.978866
-9.233000 -9.500000 -58.785004 -0.153963 -0.001563 -0.988075
-52.960999 -9.500000 -27.699005 -0.882717 -0.001554 -0.469903
-54.341999 7.500000 -24.934998 -0.905733 -0.000000 -0.423849
-55.578999 -9.500000 -22.104004 -0.926331 -0.001569 -0.376708
-49.780998 7.500000 33.994995 -0.829651 -0.000022 0.558283
-47.990002 -9.500000 36.513000 -0.799847 -0.001580 0.600202
-46.073002 7.500000 38.936005 -0.767862 -0.000018 0.640616
-51.438999 -9.500000 31.388000 -0.857356 -0.001590 0.514722
-52.960999 7.500000 28.699005 -0.882707 -0.000033 0.469924
-55.578999 7.500000 23.104004 -0.926333 0.000017 0.376707
-54.341999 -9.500000 25.934998 -0.905674 -0.001571 0.423971
-56.668999 -9.500000 20.212997 -0.944480 -0.001540 0.328566
-57.609001 7.500000 17.268997 -0.960139 0.000013 0.279524
-58.396000 -9.500000 14.281006 -0.973260 -0.001547 0.229700
-59.028000 7.500000 11.257004 -0.983804 0.000003 0.179248
-59.820999 7.500000 5.130997 -0.997017 0.000001 0.077188
-59.502998 -9.500000 8.203995 -0.991725 -0.001559 0.128369
-59.980000 7.500000 -1.044998 -0.999668 0.000019 -0.025755
-59.980000 -9.500000 2.044998 -0.999667 -0.001546 0.025766
-59.820999 -9.500000 -4.130997 -0.997008 -0.001548 -0.077285
-59.502998 7.500000 -7.203995 -0.991725 0.000005 -0.128381
-59.028000 -9.500000 -10.257004 -0.983801 -0.001567 -0.179259
-58.950001 -9.500000 11.242996 -0.983800 -0.004662 0.179210
-52.889999 -9.500000 28.660995 -0.882697 -0.004737 0.469919
-46.012001 -9.500000 38.884995 -0.767854 -0.004677 0.640607
-44.033001 -9.500000 41.255997 -0.733831 -0.001580 0.679331
-41.876999 7.500000 43.468994 -0.697957 -0.000022 0.716140
-39.609001 -9.500000 45.567993 -0.660169 -0.001573 0.751115
15.280000 7.500000 58.522003 0.254636 -0.000008 0.967037
18.247000 -9.500000 57.657990 0.304119 -0.001556 0.952633
21.165001 7.500000 56.643005 0.352763 0.000009 0.935713
12.273000 -9.500000 59.230988 0.204522 -0.001555 0.978861
9.233000 7.500000 59.785004 0.153890 0.000019 0.988088
6.169000 -9.500000 60.182007 0.102784 -0.001533 0.994703
3.089000 7.500000 60.420013 0.051475 0.000024 0.998674
-3.089000 7.500000 60.420013 -0.051475 0.000024 0.998674
0.000000 -9.500000 60.500000 0.000000 -0.001536 0.999999
-6.169000 -9.500000 60.182007 -0.102784 -0.001533 0.994703
-9.233000 7.500000 59.785004 -0.153890 0.000019 0.988088
-12.273000 -9.500000 59.230988 -0.204522 -0.001555 0.978861
-15.280000 7.500000 58.522003 -0.254636 -0.000008 0.967037
-21.165001 7.500000 56.643005 -0.352763 0.000009 0.935713
-18.247000 -9.500000 57.657990 -0.304119 -0.001556 0.952633
-24.027000 -9.500000 55.479004 -0.400498 -0.001555 0.916296
-26.826000 7.500000 54.169006 -0.447069 -0.000007 0.894499
-29.552999 -9.500000 52.717010 -0.492552 -0.001586 0.870282
24.027000 -9.500000 55.479004 0.400498 -0.001555 0.916296
26.826000 7.500000 54.169006 0.447069 -0.000007 0.894499
29.552999 -9.500000 52.717010 0.492552 -0.001586 0.870282
32.202000 7.500000 51.127014 0.536683 -0.000035 0.843784
34.764999 -9.500000 49.402008 0.579399 -0.001585 0.815043
55.578999 7.500000 23.104004 0.926333 0.000017 0.376707
56.668999 -9.500000 20.212997 0.944480 -0.001540 0.328566
57.609001 7.500000 17.268997 0.960139 0.000013 0.279524
54.341999 -9.500000 25.934998 0.905674 -0.001571 0.423971
52.960999 7.500000 28.699005 0.882707 -0.000033 0.469924
49.780998 7.500000 33.994995 0.829651 -0.000022 0.558283
51.438999 -9.500000 31.388000 0.857356 -0.001590 0.514722
47.990002 -9.500000 36.513000 0.799847 -0.001580 0.600202
46.073002 7.500000 38.936005 0.767862 -0.000018 0.640616
44.033001 -9.500000 41.255997 0.733831 -0.001580 0.679331
46.012001 -9.500000 38.884995 0.767854 -0.004677 0.640607
52.889999 -9.500000 28.660995 0.882697 -0.004737 0.469919
58.396000 -9.500000 14.281006 0.973260 -0.001547 0.229700
59.028000 7.500000 11.257004 0.983804 0.000003 0.179248
59.502998 -9.500000 8.203995 0.991725 -0.001559 0.128369
59.820999 7.500000 5.130997 0.997017 0.000001 0.077188
58.950001 -9.500000 11.242996 0.983800 -0.004662 0.179210
59.980000 -9.500000 2.044998 0.999667 -0.001546 0.025766
59.980000 7.500000 -1.044998 0.999668 0.000019 -0.025755
59.820999 -9.500000 -4.130997 0.997008 -0.001548 -0.077285
59.502998 7.500000 -7.203995 0.991725 0.000005 -0.128381
59.028000 -9.500000 -10.257004 0.983801 -0.001567 -0.179259
58.396000 7.500000 -13.281006 0.973262 -0.000010 -0.229696
55.578999 -9.500000 -22.104004 0.926331 -0.001569 -0.376708
54.341999 7.500000 -24.934998 0.905733 -0.000000 -0.423849
56.668999 7.500000 -19.212997 0.944479 -0.000006 -0.328570
57.609001 -9.500000 -16.268997 0.960148 -0.001573 -0.279489
51.438999 7.500000 -30.388000 0.857310 0.001579 -0.514797
49.780998 -9.500000 -32.994995 0.829639 -0.001543 -0.558298
47.990002 7.500000 -35.513000 0.799815 0.000027 -0.600247
46.073002 -9.500000 -37.936005 0.767858 -0.001535 -0.640619
52.960999 -9.500000 -27.699005 0.882717 -0.001554 -0.469903
11.126000 -9.500000 -48.246002 -0.222565 0.000000 0.974918
16.514000 -9.500000 -46.694000 -0.330288 0.000000 0.943880
11.126000 7.500000 -48.246002 -0.222565 0.000000 0.974918
16.514000 7.500000 -46.694000 -0.330288 0.000000 0.943880
5.598000 7.500000 -49.186005 -0.111997 0.000000 0.993709
5.598000 -9.500000 -49.186005 -0.111997 0.000000 0.993709
21.694000 -9.500000 -44.548004 -0.433873 0.000000 0.900974
21.694000 7.500000 -44.548004 -0.433873 0.000000 0.900974
26.601999 -9.500000 -41.835999 -0.531996 0.000000 0.846747
26.601999 7.500000 -41.835999 -0.531996 0.000000 0.846747
31.174000 -9.500000 -38.591995 -0.623522 0.000000 0.781805
31.174000 7.500000 -38.591995 -0.623522 0.000000 0.781805
35.355000 -9.500000 -34.854996 -0.707107 0.000000 0.707107
39.091999 -9.500000 -30.673996 -0.781805 0.000000 0.623522
35.355000 7.500000 -34.854996 -0.707107 0.000000 0.707107
39.091999 7.500000 -30.673996 -0.781805 0.000000 0.623522
42.335999 -9.500000 -26.102005 -0.846747 0.000000 0.531995
42.335999 7.500000 -26.102005 -0.846747 0.000000 0.531995
43.974998 -9.500000 -40.201996 0.733850 -0.004662 -0.679295
39.556999 -9.500000 -44.507996 0.660146 -0.004670 -0.751122
34.719002 -9.500000 -48.337006 0.579470 -0.004683 -0.814980
29.514000 -9.500000 -51.647995 0.492469 -0.004662 -0.870318
23.995001 -9.500000 -54.406006 0.400449 -0.004688 -0.916307
18.223000 -9.500000 -56.582001 0.304155 -0.004688 -0.952611
12.257000 -9.500000 -58.153000 0.204450 -0.004684 -0.978866
0.000000 7.500000 -49.500000 0.000000 0.000000 1.000000
0.000000 -9.500000 -49.500000 0.000000 0.000000 1.000000
6.161000 -9.500000 -59.102997 0.102803 -0.004671 -0.994691
-42.335999 7.500000 -26.102005 0.846747 0.000000 0.531995
-45.048000 7.500000 -21.194000 0.900974 0.000000 0.433873
-42.335999 -9.500000 -26.102005 0.846747 0.000000 0.531995
-45.048000 -9.500000 -21.194000 0.900974 0.000000 0.433873
-39.091999 -9.500000 -30.673996 0.781805 0.000000 0.623522
-39.091999 7.500000 -30.673996 0.781805 0.000000 0.623522
-35.355000 -9.500000 -34.854996 0.707107 0.000000 0.707107
-35.355000 7.500000 -34.854996 0.707107 0.000000 0.707107
-31.174000 -9.500000 -38.591995 0.623522 0.000000 0.781805
-31.174000 7.500000 -38.591995 0.623522 0.000000 0.781805
-5.598000 -9.500000 -49.186005 0.111997 0.000000 0.993709
-5.598000 7.500000 -49.186005 0.111997 0.000000 0.993709
-11.126000 7.500000 -48.246002 0.222565 0.000000 0.974918
-11.126000 -9.500000 -48.246002 0.222565 0.000000 0.974918
-16.514000 7.500000 -46.694000 0.330288 0.000000 0.943880
-16.514000 -9.500000 -46.694000 0.330288 0.000000 0.943880
-21.694000 7.500000 -44.548004 0.433873 0.000000 0.900974
-21.694000 -9.500000 -44.548004 0.433873 0.000000 0.900974
-26.601999 7.500000 -41.835999 0.531996 0.000000 0.846747
-26.601999 -9.500000 -41.835999 0.531996 0.000000 0.846747
0.000000 -9.500000 -59.419998 0.000000 -0.004706 -0.999989
-6.161000 -9.500000 -59.102997 -0.102803 -0.004671 -0.994691
-12.257000 -9.500000 -58.153000 -0.204450 -0.004684 -0.978866
-18.223000 -9.500000 -56.582001 -0.304155 -0.004688 -0.952611
-23.995001 -9.500000 -54.406006 -0.400449 -0.004688 -0.916307
-29.514000 -9.500000 -51.647995 -0.492469 -0.004662 -0.870318
-34.719002 -9.500000 -48.337006 -0.579470 -0.004683 -0.814980
-39.556999 -9.500000 -44.507996 -0.660146 -0.004670 -0.751122
-43.974998 -9.500000 -40.201996 -0.733850 -0.004662 -0.679295
-47.926998 -9.500000 -35.464996 -0.799817 -0.004659 -0.600226
-51.370998 -9.500000 -30.347000 -0.857312 -0.004671 -0.514777
-47.194000 7.500000 -16.014008 0.943880 0.000000 0.330287
-47.194000 -9.500000 -16.014008 0.943880 0.000000 0.330287
-54.270000 -9.500000 -24.901001 -0.905739 -0.004684 -0.423811
-39.091999 7.500000 31.673996 0.781805 0.000000 -0.623522
-35.355000 7.500000 35.854996 0.707107 0.000000 -0.707107
-39.091999 -9.500000 31.673996 0.781805 0.000000 -0.623522
-35.355000 -9.500000 35.854996 0.707107 0.000000 -0.707107
-42.335999 -9.500000 27.102005 0.846747 0.000000 -0.531995
-42.335999 7.500000 27.102005 0.846747 0.000000 -0.531995
-45.048000 -9.500000 22.194000 0.900974 0.000000 -0.433873
-45.048000 7.500000 22.194000 0.900974 0.000000 -0.433873
-47.194000 -9.500000 17.014008 0.943880 0.000000 -0.330287
-47.194000 7.500000 17.014008 0.943880 0.000000 -0.330287
-48.745998 -9.500000 -10.626007 0.974918 0.000000 0.222564
-48.745998 7.500000 -10.626007 0.974918 0.000000 0.222564
-49.686001 7.500000 -5.098007 0.993709 0.000000 0.111997
-49.686001 -9.500000 -5.098007 0.993709 0.000000 0.111997
-50.000000 7.500000 0.500000 1.000000 0.000000 0.000000
-50.000000 -9.500000 0.500000 1.000000 0.000000 0.000000
-49.686001 7.500000 6.098007 0.993709 0.000000 -0.111997
-49.686001 -9.500000 6.098007 0.993709 0.000000 -0.111997
-48.745998 7.500000 11.626007 0.974918 0.000000 -0.222564
-48.745998 -9.500000 11.626007 0.974918 0.000000 -0.222564
-56.594002 -9.500000 -19.186005 -0.944465 -0.004688 -0.328580
-58.318001 -9.500000 -13.263000 -0.973247 -0.004709 -0.229713
-59.424000 -9.500000 -7.194000 -0.991715 -0.004684 -0.128376
-59.901001 -9.500000 -1.042999 -0.999658 -0.004648 -0.025736
-59.742001 -9.500000 5.123993 -0.997003 -0.004665 0.077216
-57.533001 -9.500000 17.246994 -0.960127 -0.004654 0.279525
-55.506001 -9.500000 23.074005 -0.926319 -0.004642 0.376712
-49.715000 -9.500000 33.949997 -0.829618 -0.004699 0.558312
-31.174000 7.500000 39.591995 0.623522 0.000000 -0.781805
-31.174000 -9.500000 39.591995 0.623522 0.000000 -0.781805
-41.820999 -9.500000 43.412003 -0.697976 -0.004700 0.716106
16.514000 7.500000 47.694000 -0.330288 0.000000 -0.943880
21.694000 7.500000 45.548004 -0.433873 0.000000 -0.900974
16.514000 -9.500000 47.694000 -0.330288 0.000000 -0.943880
21.694000 -9.500000 45.548004 -0.433873 0.000000 -0.900974
11.126000 -9.500000 49.246002 -0.222565 0.000000 -0.974918
11.126000 7.500000 49.246002 -0.222565 0.000000 -0.974918
5.598000 -9.500000 50.186005 -0.111997 0.000000 -0.993709
5.598000 7.500000 50.186005 -0.111997 0.000000 -0.993709
0.000000 -9.500000 50.500000 0.000000 0.000000 -1.000000
0.000000 7.500000 50.500000 0.000000 0.000000 -1.000000
-26.601999 -9.500000 42.835999 0.531996 0.000000 -0.846747
-26.601999 7.500000 42.835999 0.531996 0.000000 -0.846747
-21.694000 7.500000 45.548004 0.433873 0.000000 -0.900974
-21.694000 -9.500000 45.548004 0.433873 0.000000 -0.900974
-16.514000 7.500000 47.694000 0.330288 0.000000 -0.943880
-16.514000 -9.500000 47.694000 0.330288 0.000000 -0.943880
-11.126000 7.500000 49.246002 0.222565 0.000000 -0.974918
-11.126000 -9.500000 49.246002 0.222565 0.000000 -0.974918
-5.598000 7.500000 50.186005 0.111997 0.000000 -0.993709
-5.598000 -9.500000 50.186005 0.111997 0.000000 -0.993709
-37.187000 -9.500000 47.485001 -0.620615 -0.004685 0.784102
-32.159000 -9.500000 51.058990 -0.536671 -0.004734 0.843778
-26.790001 -9.500000 54.097992 -0.447078 -0.004683 0.894482
-21.136999 -9.500000 56.569000 -0.352749 -0.004654 0.935706
-15.260000 -9.500000 58.445007 -0.254626 -0.004679 0.967028
-9.221000 -9.500000 59.707001 -0.153944 -0.004642 0.988069
-3.085000 -9.500000 60.341003 -0.051478 -0.004654 0.998663
3.085000 -9.500000 60.341003 0.051478 -0.004654 0.998663
9.221000 -9.500000 59.707001 0.153944 -0.004642 0.988069
15.260000 -9.500000 58.445007 0.254626 -0.004679 0.967028
21.136999 -9.500000 56.569000 0.352749 -0.004654 0.935706
26.601999 7.500000 42.835999 -0.531996 0.000000 -0.846747
26.601999 -9.500000 42.835999 -0.531996 0.000000 -0.846747
26.790001 -9.500000 54.097992 0.447078 -0.004683 0.894482
31.174000 7.500000 39.591995 -0.623522 0.000000 -0.781805
31.174000 -9.500000 39.591995 -0.623522 0.000000 -0.781805
32.159000 -9.500000 51.058990 0.536671 -0.004734 0.843778
35.355000 -9.500000 35.854996 -0.707107 0.000000 -0.707107
35.355000 7.500000 35.854996 -0.707107 0.000000 -0.707107
39.091999 7.500000 31.673996 -0.781805 0.000000 -0.623522
39.091999 -9.500000 31.673996 -0.781805 0.000000 -0.623522
42.335999 7.500000 27.102005 -0.846747 0.000000 -0.531995
42.335999 -9.500000 27.102005 -0.846747 0.000000 -0.531995
45.048000 7.500000 22.194000 -0.900974 0.000000 -0.433873
45.048000 -9.500000 22.194000 -0.900974 0.000000 -0.433873
47.194000 7.500000 17.014008 -0.943880 0.000000 -0.330287
47.194000 -9.500000 17.014008 -0.943880 0.000000 -0.330287
37.187000 -9.500000 47.485001 0.620615 -0.004685 0.784102
41.820999 -9.500000 43.412003 0.697976 -0.004700 0.716106
49.715000 -9.500000 33.949997 0.829618 -0.004699 0.558312
55.506001 -9.500000 23.074005 0.926319 -0.004642 0.376712
48.745998 7.500000 11.626007 -0.974918 0.000000 -0.222564
48.745998 -9.500000 11.626007 -0.974918 0.000000 -0.222564
57.533001 -9.500000 17.246994 0.960127 -0.004654 0.279525
49.686001 7.500000 6.098007 -0.993709 0.000000 -0.111997
49.686001 -9.500000 6.098007 -0.993709 0.000000 -0.111997
50.000000 7.500000 0.500000 -1.000000 0.000000 0.000000
50.000000 -9.500000 0.500000 -1.000000 0.000000 0.000000
59.742001 -9.500000 5.123993 0.997003 -0.004665 0.077216
49.686001 7.500000 -5.098007 -0.993709 0.000000 0.111997
49.686001 -9.500000 -5.098007 -0.993709 0.000000 0.111997
59.424000 -9.500000 -7.194000 0.991715 -0.004684 -0.128376
59.901001 -9.500000 -1.042999 0.999658 -0.004648 -0.025736
48.745998 7.500000 -10.626007 -0.974918 0.000000 0.222564
48.745998 -9.500000 -10.626007 -0.974918 0.000000 0.222564
58.318001 -9.500000 -13.263000 0.973247 -0.004709 -0.229713
47.194000 7.500000 -16.014008 -0.943880 0.000000 0.330287
47.194000 -9.500000 -16.014008 -0.943880 0.000000 0.330287
56.594002 -9.500000 -19.186005 0.944465 -0.004688 -0.328580
45.048000 -9.500000 -21.194000 -0.900974 0.000000 0.433873
45.048000 7.500000 -21.194000 -0.900974 0.000000 0.433873
51.370998 -9.500000 -30.347000 0.857312 -0.004671 -0.514777
47.926998 -9.500000 -35.464996 0.799817 -0.004659 -0.600226
54.270000 -9.500000 -24.901001 0.905739 -0.004684 -0.423811
31.174000 -9.500000 -38.591995 0.000000 -1.000000 0.000000
26.601999 -9.500000 -41.835999 0.000000 -1.000000 0.000000
34.719002 -9.500000 -48.337006 0.000000 -1.000000 0.000000
32.202000 -9.500000 -50.126999 0.000000 -1.000000 0.000000
29.514000 -9.500000 -51.647995 0.000000 -1.000000 0.000000
21.694000 -9.500000 -44.548004 0.000000 -1.000000 0.000000
26.826000 -9.500000 -53.169006 0.000000 -1.000000 0.000000
23.995001 -9.500000 -54.406006 0.000000 -1.000000 0.000000
16.514000 -9.500000 -46.694000 0.000000 -1.000000 0.000000
21.165001 -9.500000 -55.643005 0.000000 -1.000000 0.000000
18.223000 -9.500000 -56.582001 0.000000 -1.000000 0.000000
11.126000 -9.500000 -48.246002 0.000000 -1.000000 0.000000
15.280000 -9.500000 -57.522003 0.000000 -1.000000 0.000000
12.257000 -9.500000 -58.153000 0.000000 -1.000000 0.000000
9.233000 -9.500000 -58.785004 0.000000 -1.000000 0.000000
5.598000 -9.500000 -49.186005 0.000000 -1.000000 -0.000000
6.161000 -9.500000 -59.102997 0.000000 -1.000000 0.000000
3.089000 -9.500000 -59.419998 0.000000 -1.000000 0.000000
0.000000 -9.500000 -49.500000 0.000000 -1.000000 0.000000
0.000000 -9.500000 -59.419998 0.000000 -1.000000 0.000000
-3.089000 -9.500000 -59.419998 0.000000 -1.000000 0.000000
-5.598000 -9.500000 -49.186005 0.000000 -1.000000 -0.000000
-6.161000 -9.500000 -59.102997 0.000000 -1.000000 0.000000
-9.233000 -9.500000 -58.785004 0.000000 -1.000000 -0.000000
-11.126000 -9.500000 -48.246002 0.000000 -1.000000 0.000000
-12.257000 -9.500000 -58.153000 0.000000 -1.000000 0.000000
-15.280000 -9.500000 -57.522003 0.000000 -1.000000 -0.000000
-18.223000 -9.500000 -56.582001 0.000000 -1.000000 -0.000000
-16.514000 -9.500000 -46.694000 0.000000 -1.000000 0.000000
-21.165001 -9.500000 -55.643005 0.000000 -1.000000 -0.000000
-23.995001 -9.500000 -54.406006 0.000000 -1.000000 -0.000000
-21.694000 -9.500000 -44.548004 0.000000 -1.000000 -0.000000
-26.826000 -9.500000 -53.169006 0.000000 -1.000000 -0.000000
-29.514000 -9.500000 -51.647995 0.000000 -1.000000 -0.000000
-26.601999 -9.500000 -41.835999 0.000000 -1.000000 0.000000
-32.202000 -9.500000 -50.126999 0.000000 -1.000000 -0.000000
-34.719002 -9.500000 -48.337006 0.000000 -1.000000 -0.000000
-31.174000 -9.500000 -38.591995 0.000000 -1.000000 -0.000000
-37.237000 -9.500000 -46.546997 0.000000 -1.000000 -0.000000
-39.556999 -9.500000 -44.507996 0.000000 -1.000000 -0.000000
-35.355000 -9.500000 -34.854996 0.000000 -1.000000 0.000000
-41.876999 -9.500000 -42.468994 0.000000 -1.000000 -0.000000
-43.974998 -9.500000 -40.201996 0.000000 -1.000000 -0.000000
-39.091999 -9.500000 -30.673996 0.000000 -1.000000 -0.000000
-46.073002 -9.500000 -37.936005 0.000000 -1.000000 -0.000000
-47.926998 -9.500000 -35.464996 0.000000 -1.000000 -0.000000
-42.335999 -9.500000 -26.102005 0.000000 -1.000000 0.000000
-49.780998 -9.500000 -32.994995 0.000000 -1.000000 -0.000000
-51.370998 -9.500000 -30.347000 0.000000 -1.000000 -0.000000
-52.960999 -9.500000 -27.699005 0.000000 -1.000000 -0.000000
-45.048000 -9.500000 -21.194000 0.000000 -1.000000 0.000000
-54.270000 -9.500000 -24.901001 0.000000 -1.000000 -0.000000
-55.578999 -9.500000 -22.104004 0.000000 -1.000000 -0.000000
-47.194000 -9.500000 -16.014008 0.000000 -1.000000 -0.000000
-56.594002 -9.500000 -19.186005 0.000000 -1.000000 -0.000000
-57.609001 -9.500000 -16.268997 0.000000 -1.000000 -0.000000
-48.745998 -9.500000 -10.626007 0.000000 -1.000000 0.000000
-58.318001 -9.500000 -13.263000 0.000000 -1.000000 -0.000000
-59.028000 -9.500000 -10.257004 0.000000 -1.000000 -0.000000
-49.686001 -9.500000 -5.098007 -0.000000 -1.000000 -0.000000
-59.424000 -9.500000 -7.194000 0.000000 -1.000000 -0.000000
-59.820999 -9.500000 -4.130997 0.000000 -1.000000 -0.000000
-59.901001 -9.500000 -1.042999 -0.000000 -1.000000 -0.000000
-50.000000 -9.500000 0.500000 -0.000000 -1.000000 -0.000000
-59.980000 -9.500000 2.044998 0.000000 -1.000000 -0.000000
-59.742001 -9.500000 5.123993 -0.000000 -1.000000 -0.000000
-49.686001 -9.500000 6.098007 0.000000 -1.000000 -0.000000
-59.502998 -9.500000 8.203995 0.000000 -1.000000 -0.000000
-58.950001 -9.500000 11.242996 -0.000000 -1.000000 -0.000000
-48.745998 -9.500000 11.626007 -0.000000 -1.000000 0.000000
-58.396000 -9.500000 14.281006 0.000000 -1.000000 -0.000000
-57.533001 -9.500000 17.246994 -0.000000 -1.000000 -0.000000
-47.194000 -9.500000 17.014008 0.000000 -1.000000 -0.000000
-56.668999 -9.500000 20.212997 -0.000000 -1.000000 -0.000000
-55.506001 -9.500000 23.074005 -0.000000 -1.000000 -0.000000
-45.048000 -9.500000 22.194000 -0.000000 -1.000000 0.000000
-54.341999 -9.500000 25.934998 -0.000000 -1.000000 -0.000000
-52.889999 -9.500000 28.660995 -0.000000 -1.000000 -0.000000
-42.335999 -9.500000 27.102005 0.000000 -1.000000 -0.000000
-51.438999 -9.500000 31.388000 -0.000000 -1.000000 -0.000000
-49.715000 -9.500000 33.949997 -0.000000 -1.000000 -0.000000
-39.091999 -9.500000 31.673996 -0.000000 -1.000000 0.000000
-47.990002 -9.500000 36.513000 -0.000000 -1.000000 -0.000000
-46.012001 -9.500000 38.884995 -0.000000 -1.000000 -0.000000
-44.033001 -9.500000 41.255997 -0.000000 -1.000000 -0.000000
-35.355000 -9.500000 35.854996 -0.000000 -1.000000 0.000000
-41.820999 -9.500000 43.412003 -0.000000 -1.000000 -0.000000
-39.609001 -9.500000 45.567993 -0.000000 -1.000000 -0.000000
-31.174000 -9.500000 39.591995 0.000000 -1.000000 -0.000000
-37.187000 -9.500000 47.485001 -0.000000 -1.000000 -0.000000
-34.764999 -9.500000 49.402008 -0.000000 -1.000000 -0.000000
-26.601999 -9.500000 42.835999 -0.000000 -1.000000 0.000000
-32.159000 -9.500000 51.058990 -0.000000 -1.000000 -0.000000
-29.552999 -9.500000 52.717010 -0.000000 -1.000000 -0.000000
-21.694000 -9.500000 45.548004 0.000000 -1.000000 -0.000000
-26.790001 -9.500000 54.097992 -0.000000 -1.000000 -0.000000
-24.027000 -9.500000 55.479004 -0.000000 -1.000000 -0.000000
-16.514000 -9.500000 47.694000 -0.000000 -1.000000 0.000000
-21.136999 -9.500000 56.569000 -0.000000 -1.000000 -0.000000
-18.247000 -9.500000 57.657990 -0.000000 -1.000000 -0.000000
-15.260000 -9.500000 58.445007 -0.000000 -1.000000 0.000000
-11.126000 -9.500000 49.246002 -0.000000 -1.000000 0.000000
-12.273000 -9.500000 59.230988 -0.000000 -1.000000 -0.000000
-9.221000 -9.500000 59.707001 -0.000000 -1.000000 0.000000
-5.598000 -9.500000 50.186005 0.000000 -1.000000 -0.000000
-6.169000 -9.500000 60.182007 -0.000000 -1.000000 -0.000000
-3.085000 -9.500000 60.341003 -0.000000 -1.000000 0.000000
0.000000 -9.500000 50.500000 -0.000000 -1.000000 0.000000
0.000000 -9.500000 60.500000 -0.000000 -1.000000 -0.000000
3.085000 -9.500000 60.341003 -0.000000 -1.000000 0.000000
5.598000 -9.500000 50.186005 -0.000000 -1.000000 -0.000000
6.169000 -9.500000 60.182007 -0.000000 -1.000000 0.000000
9.221000 -9.500000 59.707001 -0.000000 -1.000000 0.000000
11.126000 -9.500000 49.246002 0.000000 -1.000000 0.000000
12.273000 -9.500000 59.230988 -0.000000 -1.000000 0.000000
15.260000 -9.500000 58.445007 -0.000000 -1.000000 0.000000
16.514000 -9.500000 47.694000 -0.000000 -1.000000 -0.000000
18.247000 -9.500000 57.657990 -0.000000 -1.000000 0.000000
21.136999 -9.500000 56.569000 -0.000000 -1.000000 0.000000
24.027000 -9.500000 55.479004 -0.000000 -1.000000 0.000000
21.694000 -9.500000 45.548004 -0.000000 -1.000000 0.000000
26.790001 -9.500000 54.097992 -0.000000 -1.000000 0.000000
29.552999 -9.500000 52.717010 -0.000000 -1.000000 0.000000
26.601999 -9.500000 42.835999 0.000000 -1.000000 0.000000
32.159000 -9.500000 51.058990 -0.000000 -1.000000 0.000000
34.764999 -9.500000 49.402008 -0.000000 -1.000000 0.000000
31.174000 -9.500000 39.591995 -0.000000 -1.000000 0.000000
37.187000 -9.500000 47.485001 -0.000000 -1.000000 0.000000
39.609001 -9.500000 45.567993 -0.000000 -1.000000 0.000000
35.355000 -9.500000 35.854996 0.000000 -1.000000 0.000000
41.820999 -9.500000 43.412003 -0.000000 -1.000000 0.000000
44.033001 -9.500000 41.255997 -0.000000 -1.000000 0.000000
39.091999 -9.500000 31.673996 -0.000000 -1.000000 0.000000
46.012001 -9.500000 38.884995 -0.000000 -1.000000 0.000000
47.990002 -9.500000 36.513000 -0.000000 -1.000000 0.000000
49.715000 -9.500000 33.949997 -0.000000 -1.000000 0.000000
42.335999 -9.500000 27.102005 -0.000000 -1.000000 0.000000
51.438999 -9.500000 31.388000 -0.000000 -1.000000 0.000000
52.889999 -9.500000 28.660995 -0.000000 -1.000000 0.000000
45.048000 -9.500000 22.194000 0.000000 -1.000000 0.000000
54.341999 -9.500000 25.934998 -0.000000 -1.000000 0.000000
55.506001 -9.500000 23.074005 -0.000000 -1.000000 0.000000
47.194000 -9.500000 17.014008 -0.000000 -1.000000 0.000000
56.668999 -9.500000 20.212997 -0.000000 -1.000000 0.000000
57.533001 -9.500000 17.246994 -0.000000 -1.000000 0.000000
48.745998 -9.500000 11.626007 0.000000 -1.000000 0.000000
58.396000 -9.500000 14.281006 -0.000000 -1.000000 0.000000
58.950001 -9.500000 11.242996 0.000000 -1.000000 0.000000
49.686001 -9.500000 6.098007 -0.000000 -1.000000 0.000000
59.502998 -9.500000 8.203995 -0.000000 -1.000000 0.000000
59.742001 -9.500000 5.123993 0.000000 -1.000000 0.000000
50.000000 -9.500000 0.500000 0.000000 -1.000000 0.000000
59.980000 -9.500000 2.044998 -0.000000 -1.000000 0.000000
59.901001 -9.500000 -1.042999 0.000000 -1.000000 0.000000
49.686001 -9.500000 -5.098007 -0.000000 -1.000000 0.000000
59.820999 -9.500000 -4.130997 -0.000000 -1.000000 0.000000
59.424000 -9.500000 -7.194000 0.000000 -1.000000 0.000000
59.028000 -9.500000 -10.257004 0.000000 -1.000000 0.000000
48.745998 -9.500000 -10.626007 -0.000000 -1.000000 0.000000
58.318001 -9.500000 -13.263000 0.000000 -1.000000 0.000000
57.609001 -9.500000 -16.268997 0.000000 -1.000000 0.000000
47.194000 -9.500000 -16.014008 0.000000 -1.000000 0.000000
56.594002 -9.500000 -19.186005 0.000000 -1.000000 0.000000
55.578999 -9.500000 -22.104004 0.000000 -1.000000 0.000000
45.048000 -9.500000 -21.194000 0.000000 -1.000000 0.000000
54.270000 -9.500000 -24.901001 0.000000 -1.000000 0.000000
52.960999 -9.500000 -27.699005 0.000000 -1.000000 0.000000
42.335999 -9.500000 -26.102005 0.000000 -1.000000 0.000000
51.370998 -9.500000 -30.347000 0.000000 -1.000000 0.000000
49.780998 -9.500000 -32.994995 0.000000 -1.000000 0.000000
47.926998 -9.500000 -35.464996 0.000000 -1.000000 0.000000
39.091999 -9.500000 -30.673996 0.000000 -1.000000 0.000000
46.073002 -9.500000 -37.936005 0.000000 -1.000000 0.000000
43.974998 -9.500000 -40.201996 0.000000 -1.000000 0.000000
35.355000 -9.500000 -34.854996 0.000000 -1.000000 0.000000
41.876999 -9.500000 -42.468994 0.000000 -1.000000 0.000000
39.556999 -9.500000 -44.507996 0.000000 -1.000000 0.000000
37.237000 -9.500000 -46.546997 0.000000 -1.000000 0.000000
5.598000 7.500000 -49.186005 0.000000 1.000000 0.000000
11.126000 7.500000 -48.246002 0.000000 1.000000 0.000000
12.273000 7.500000 -58.231003 0.000000 1.000000 0.000000
18.247000 7.500000 -56.658005 0.000000 1.000000 0.000000
16.514000 7.500000 -46.694000 0.000000 1.000000 0.000000
24.027000 7.500000 -54.479004 0.000000 1.000000 0.000000
21.694000 7.500000 -44.548004 0.000000 1.000000 0.000000
29.552999 7.500000 -51.716995 0.000000 1.000000 0.000000
26.601999 7.500000 -41.835999 0.000000 1.000000 0.000000
34.764999 7.500000 -48.401993 0.000000 1.000000 0.000000
31.174000 7.500000 -38.591995 0.000000 1.000000 0.000000
39.609001 7.500000 -44.567993 0.000000 1.000000 0.000000
35.355000 7.500000 -34.854996 0.000000 1.000000 0.000000
44.033001 7.500000 -40.255997 0.000000 1.000000 0.000000
39.091999 7.500000 -30.673996 0.000000 1.000000 0.000000
47.990002 7.500000 -35.513000 0.000000 1.000000 0.000000
42.335999 7.500000 -26.102005 0.000000 1.000000 0.000000
51.438999 7.500000 -30.388000 0.000000 1.000000 0.000000
45.048000 7.500000 -21.194000 0.000000 1.000000 0.000000
54.341999 7.500000 -24.934998 0.000000 1.000000 0.000000
47.194000 7.500000 -16.014008 0.000000 1.000000 0.000000
56.668999 7.500000 -19.212997 0.000000 1.000000 0.000000
58.396000 7.500000 -13.281006 0.000000 1.000000 0.000000
48.745998 7.500000 -10.626007 -0.000000 1.000000 0.000000
59.502998 7.500000 -7.203995 0.000000 1.000000 0.000000
49.686001 7.500000 -5.098007 -0.000000 1.000000 0.000000
59.980000 7.500000 -1.044998 0.000000 1.000000 0.000000
50.000000 7.500000 0.500000 -0.000000 1.000000 0.000000
59.820999 7.500000 5.130997 0.000000 1.000000 0.000000
49.686001 7.500000 6.098007 -0.000000 1.000000 0.000000
59.028000 7.500000 11.257004 0.000000 1.000000 0.000000
48.745998 7.500000 11.626007 -0.000000 1.000000 0.000000
57.609001 7.500000 17.268997 0.000000 1.000000 0.000000
47.194000 7.500000 17.014008 -0.000000 1.000000 0.000000
55.578999 7.500000 23.104004 -0.000000 1.000000 0.000000
45.048000 7.500000 22.194000 -0.000000 1.000000 0.000000
52.960999 7.500000 28.699005 -0.000000 1.000000 0.000000
42.335999 7.500000 27.102005 -0.000000 1.000000 0.000000
49.780998 7.500000 33.994995 -0.000000 1.000000 0.000000
39.091999 7.500000 31.673996 -0.000000 1.000000 0.000000
46.073002 7.500000 38.936005 -0.000000 1.000000 0.000000
35.355000 7.500000 35.854996 -0.000000 1.000000 0.000000
41.876999 7.500000 43.468994 -0.000000 1.000000 0.000000
31.174000 7.500000 39.591995 -0.000000 1.000000 0.000000
37.237000 7.500000 47.546997 -0.000000 1.000000 0.000000
32.202000 7.500000 51.127014 -0.000000 1.000000 0.000000
26.601999 7.500000 42.835999 0.000000 1.000000 0.000000
26.826000 7.500000 54.169006 -0.000000 1.000000 0.000000
21.694000 7.500000 45.548004 0.000000 1.000000 0.000000
21.165001 7.500000 56.643005 -0.000000 1.000000 0.000000
16.514000 7.500000 47.694000 0.000000 1.000000 0.000000
15.280000 7.500000 58.522003 -0.000000 1.000000 0.000000
11.126000 7.500000 49.246002 0.000000 1.000000 0.000000
9.233000 7.500000 59.785004 -0.000000 1.000000 0.000000
5.598000 7.500000 50.186005 0.000000 1.000000 0.000000
3.089000 7.500000 60.420013 -0.000000 1.000000 0.000000
0.000000 7.500000 50.500000 0.000000 1.000000 0.000000
-3.089000 7.500000 60.420013 -0.000000 1.000000 0.000000
-5.598000 7.500000 50.186005 -0.000000 1.000000 0.000000
-9.233000 7.500000 59.785004 -0.000000 1.000000 0.000000
-11.126000 7.500000 49.246002 -0.000000 1.000000 0.000000
-15.280000 7.500000 58.522003 -0.000000 1.000000 0.000000
-16.514000 7.500000 47.694000 -0.000000 1.000000 0.000000
-21.165001 7.500000 56.643005 -0.000000 1.000000 0.000000
-21.694000 7.500000 45.548004 -0.000000 1.000000 0.000000
-26.826000 7.500000 54.169006 -0.000000 1.000000 0.000000
-26.601999 7.500000 42.835999 -0.000000 1.000000 0.000000
-32.202000 7.500000 51.127014 -0.000000 1.000000 -0.000000
-31.174000 7.500000 39.591995 -0.000000 1.000000 0.000000
-37.237000 7.500000 47.546997 -0.000000 1.000000 -0.000000
-41.876999 7.500000 43.468994 -0.000000 1.000000 -0.000000
-35.355000 7.500000 35.854996 0.000000 1.000000 -0.000000
-46.073002 7.500000 38.936005 -0.000000 1.000000 -0.000000
-39.091999 7.500000 31.673996 0.000000 1.000000 -0.000000
-49.780998 7.500000 33.994995 -0.000000 1.000000 -0.000000
-42.335999 7.500000 27.102005 0.000000 1.000000 -0.000000
-52.960999 7.500000 28.699005 -0.000000 1.000000 -0.000000
-45.048000 7.500000 22.194000 0.000000 1.000000 -0.000000
-55.578999 7.500000 23.104004 -0.000000 1.000000 -0.000000
-47.194000 7.500000 17.014008 0.000000 1.000000 -0.000000
-57.609001 7.500000 17.268997 -0.000000 1.000000 -0.000000
-48.745998 7.500000 11.626007 0.000000 1.000000 -0.000000
-59.028000 7.500000 11.257004 0.000000 1.000000 -0.000000
-49.686001 7.500000 6.098007 0.000000 1.000000 -0.000000
-59.820999 7.500000 5.130997 0.000000 1.000000 -0.000000
-50.000000 7.500000 0.500000 0.000000 1.000000 -0.000000
-59.980000 7.500000 -1.044998 0.000000 1.000000 -0.000000
-49.686001 7.500000 -5.098007 0.000000 1.000000 0.000000
-59.502998 7.500000 -7.203995 0.000000 1.000000 -0.000000
-48.745998 7.500000 -10.626007 0.000000 1.000000 0.000000
-58.396000 7.500000 -13.281006 0.000000 1.000000 -0.000000
-47.194000 7.500000 -16.014008 0.000000 1.000000 0.000000
-56.668999 7.500000 -19.212997 0.000000 1.000000 -0.000000
-54.341999 7.500000 -24.934998 0.000000 1.000000 -0.000000
-45.048000 7.500000 -21.194000 0.000000 1.000000 -0.000000
-51.438999 7.500000 -30.388000 0.000000 1.000000 -0.000000
-42.335999 7.500000 -26.102005 0.000000 1.000000 -0.000000
-47.990002 7.500000 -35.513000 0.000000 1.000000 -0.000000
-39.091999 7.500000 -30.673996 0.000000 1.000000 -0.000000
-44.033001 7.500000 -40.255997 0.000000 1.000000 -0.000000
-35.355000 7.500000 -34.854996 0.000000 1.000000 -0.000000
-39.609001 7.500000 -44.567993 0.000000 1.000000 -0.000000
-31.174000 7.500000 -38.591995 0.000000 1.000000 -0.000000
-34.764999 7.500000 -48.401993 0.000000 1.000000 -0.000000
-26.601999 7.500000 -41.835999 0.000000 1.000000 -0.000000
-29.552999 7.500000 -51.716995 0.000000 1.000000 -0.000000
-21.694000 7.500000 -44.548004 0.000000 1.000000 -0.000000
-24.027000 7.500000 -54.479004 0.000000 1.000000 -0.000000
-16.514000 7.500000 -46.694000 0.000000 1.000000 -0.000000
-18.247000 7.500000 -56.658005 0.000000 1.000000 -0.000000
-11.126000 7.500000 -48.246002 0.000000 1.000000 -0.000000
-12.273000 7.500000 -58.231003 0.000000 1.000000 -0.000000
-5.598000 7.500000 -49.186005 0.000000 1.000000 -0.000000
-6.169000 7.500000 -59.182007 0.000000 1.000000 -0.000000
0.000000 7.500000 -49.500000 0.000000 1.000000 -0.000000
0.000000 7.500000 -59.500000 0.000000 1.000000 -0.000000
6.169000 7.500000 -59.182007 0.000000 1.000000 0.000000
