0 1 2
3 4 5
6 7 8
9 10 11
12 13 14
15 16 14
17 15 18
19 18 20
21 22 20
23 21 24
25 26 13
27 11 26
28 29 30
31 28 32
33 32 34
35 34 36
37 36 38
39 38 40
41 42 40
43 41 44
45 44 10
46 47 30
47 48 8
49 50 51
52 49 53
54 55 53
56 54 57
58 57 59
60 61 59
62 63 60
64 62 65
66 65 7
59 61 67
58 59 67
53 55 68
52 53 68
51 50 69
70 51 69
51 70 71
72 3 71
73 74 75
76 73 77
78 77 79
80 81 79
82 80 83
84 83 85
86 87 85
88 86 89
90 89 5
91 92 75
93 94 92
95 0 94
96 97 98
99 96 100
101 102 100
103 101 104
105 104 2
104 105 106
103 104 106
100 102 107
99 100 107
98 108 109
110 111 109
110 109 112
109 108 112
113 114 111
115 116 114
117 118 116
119 120 121
118 122 121
123 124 125
126 24 125
127 123 120
128 129 130
130 129 131
130 132 128
128 132 133
129 134 131
131 134 135
134 136 135
135 136 137
136 138 137
137 138 139
140 141 142
142 141 143
142 139 140
140 139 138
141 144 143
143 144 145
126 146 24
24 146 23
23 147 21
21 147 22
22 148 20
20 148 19
19 149 18
18 149 17
17 150 15
15 150 16
16 151 14
14 151 12
12 152 13
13 152 25
132 153 133
133 153 154
25 155 26
26 155 27
156 157 158
158 157 159
158 160 156
156 160 161
160 162 161
161 162 163
162 164 163
163 164 165
166 154 167
167 154 153
167 168 166
166 168 169
168 170 169
169 170 171
170 172 171
171 172 173
172 174 173
173 174 175
174 165 175
175 165 164
27 176 11
11 176 9
9 177 10
10 177 45
45 178 44
44 178 43
43 179 41
41 179 42
42 180 40
40 180 39
39 181 38
38 181 37
37 182 36
36 182 35
35 183 34
34 183 33
33 184 32
32 184 31
31 185 28
28 185 29
29 186 30
30 186 46
157 187 159
159 187 188
46 189 47
47 189 48
190 191 192
192 191 193
192 194 190
190 194 195
194 196 195
195 196 197
196 198 197
197 198 199
200 188 201
201 188 187
201 202 200
200 202 203
202 204 203
203 204 205
204 206 205
205 206 207
206 208 207
207 208 209
208 199 209
209 199 198
48 210 8
8 210 6
6 211 7
7 211 66
66 212 65
65 212 64
64 213 62
62 213 63
63 214 60
60 214 61
58 215 57
57 215 56
56 216 54
54 216 55
52 217 49
49 217 50
191 218 193
193 218 219
70 220 71
71 220 72
221 222 223
223 222 224
223 225 221
221 225 226
225 227 226
226 227 228
227 229 228
228 229 230
231 219 232
232 219 218
232 233 231
231 233 234
233 235 234
234 235 236
235 237 236
236 237 238
237 239 238
238 239 240
239 230 240
240 230 229
72 241 3
3 241 4
4 242 5
5 242 90
90 243 89
89 243 88
88 244 86
86 244 87
87 245 85
85 245 84
84 246 83
83 246 82
82 247 80
80 247 81
81 248 79
79 248 78
78 249 77
77 249 76
76 250 73
73 250 74
74 251 75
75 251 91
222 252 224
224 252 253
91 254 92
92 254 93
252 255 253
253 255 256
93 257 94
94 257 95
258 256 259
259 256 255
259 260 258
258 260 261
260 262 261
261 262 263
262 264 263
263 264 265
264 266 265
265 266 267
95 268 0
0 268 1
1 269 2
2 269 105
103 270 101
101 270 102
99 271 96
96 271 97
266 272 267
267 272 273
108 98 274
274 98 97
272 275 273
273 275 276
275 277 276
276 277 278
113 111 279
279 111 110
277 280 278
278 280 281
115 282 116
116 282 117
115 114 283
283 114 113
280 284 281
281 284 285
117 286 118
118 286 122
284 287 285
285 287 288
122 289 121
121 289 119
290 288 291
291 288 287
291 145 290
290 145 144
127 292 123
123 292 124
124 293 125
125 293 126
119 294 120
120 294 127
295 296 297
297 296 298
298 296 299
299 296 300
299 300 301
301 300 302
300 303 302
302 303 304
304 303 305
305 303 306
305 306 307
307 306 308
308 306 309
309 306 310
309 310 311
311 310 312
310 313 312
312 313 314
314 313 315
315 313 316
315 316 317
317 316 318
316 319 318
318 319 320
320 319 321
321 319 322
319 323 322
322 323 324
324 323 325
325 323 326
325 326 327
327 326 328
326 329 328
328 329 330
330 329 331
331 329 332
331 332 333
333 332 334
332 335 334
334 335 336
336 335 337
337 335 338
337 338 339
339 338 340
338 341 340
340 341 342
342 341 343
343 341 344
341 345 344
344 345 346
346 345 347
347 345 348
347 348 349
349 348 350
348 351 350
350 351 352
352 351 353
353 351 354
353 354 355
355 354 356
356 354 357
357 354 358
357 358 359
359 358 360
358 361 360
360 361 362
362 361 363
363 361 364
363 364 365
365 364 366
364 367 366
366 367 368
368 367 369
369 367 370
369 370 371
371 370 372
370 373 372
372 373 374
374 373 375
375 373 376
375 376 377
377 376 378
378 376 379
379 376 380
379 380 381
381 380 382
380 383 382
382 383 384
384 383 385
385 383 386
385 386 387
387 386 388
386 389 388
388 389 390
390 389 391
391 389 392
391 392 393
393 392 394
394 392 395
395 392 396
395 396 397
397 396 398
396 399 398
398 399 400
400 399 401
401 399 402
401 402 403
403 402 404
402 405 404
404 405 406
406 405 407
407 405 408
407 408 409
409 408 410
408 411 410
410 411 412
412 411 413
413 411 414
411 415 414
414 415 416
416 415 417
417 415 418
417 418 419
419 418 420
418 421 420
420 421 422
422 421 423
423 421 424
423 424 425
425 424 426
424 427 426
426 427 428
428 427 429
429 427 430
427 431 430
430 431 432
432 431 433
433 431 434
433 434 435
435 434 436
434 437 436
436 437 438
438 437 439
439 437 440
439 440 441
441 440 442
440 443 442
442 443 444
444 443 445
445 443 446
445 446 447
447 446 448
446 449 448
448 449 450
450 449 451
451 449 452
449 453 452
452 453 454
454 453 455
455 453 456
455 456 457
457 456 458
456 459 458
458 459 460
460 459 461
461 459 462
461 462 463
463 462 464
464 462 465
465 462 466
465 466 467
467 466 468
466 469 468
468 469 470
470 469 471
471 469 295
471 295 472
472 295 297
473 474 475
475 474 476
474 477 476
476 477 478
477 479 478
478 479 480
479 481 480
480 481 482
481 483 482
482 483 484
483 485 484
484 485 486
485 487 486
486 487 488
487 489 488
488 489 490
489 491 490
490 491 492
491 493 492
492 493 494
494 493 495
495 493 496
495 496 497
497 496 498
497 498 499
499 498 500
499 500 501
501 500 502
501 502 503
503 502 504
503 504 505
505 504 506
505 506 507
507 506 508
507 508 509
509 508 510
509 510 511
511 510 512
511 512 513
513 512 514
513 514 515
515 514 516
515 516 517
517 516 518
516 519 518
518 519 520
519 521 520
520 521 522
521 523 522
522 523 524
523 525 524
524 525 526
525 527 526
526 527 528
527 529 528
528 529 530
529 531 530
530 531 532
531 533 532
532 533 534
533 535 534
534 535 536
535 537 536
536 537 538
537 539 538
538 539 540
539 541 540
540 541 542
542 541 543
543 541 544
543 544 545
545 544 546
545 546 547
547 546 548
547 548 549
549 548 550
549 550 551
551 550 552
551 552 553
553 552 554
553 554 555
555 554 556
555 556 557
557 556 558
557 558 559
559 558 560
559 560 561
561 560 562
561 562 563
563 562 564
563 564 565
565 564 566
564 567 566
566 567 568
567 569 568
568 569 570
569 571 570
570 571 572
571 573 572
572 573 574
573 575 574
574 575 576
575 577 576
576 577 578
577 579 578
578 579 580
579 581 580
580 581 582
581 583 582
582 583 584
583 585 584
584 585 586
585 587 586
586 587 588
588 587 589
589 587 473
589 473 475
