-59.272064 191.499969 12.075997 -0.979551 -0.001575 0.201188
-58.573074 208.499969 15.084997 -0.967882 -0.000008 0.251406
-59.816074 208.499969 9.033998 -0.988600 -0.000025 0.150566
-31.214066 191.499985 -51.542000 -0.511864 -0.001558 -0.859065
-33.827068 208.499969 -49.893002 -0.555420 -0.000003 -0.831570
-28.520071 208.499985 -53.055000 -0.467026 0.000003 -0.884243
40.403923 208.500000 -43.896000 0.681699 0.000009 -0.731632
38.089931 191.500000 -45.943001 0.643177 -0.001556 -0.765716
35.673923 208.500000 -47.868999 0.602951 0.000009 -0.797778
55.570927 191.500015 21.354002 0.934509 -0.001587 0.355936
56.596920 208.500015 18.439001 0.951598 -0.000029 0.307346
54.397919 208.500000 24.212002 0.914985 -0.000014 0.403489
-8.404071 191.499985 59.477001 -0.131776 -0.001548 0.991278
-5.332077 208.499985 59.805000 -0.080593 0.000017 0.996747
-11.455076 208.499985 58.991001 -0.182607 0.000011 0.983186
-26.117069 191.499985 54.256001 -0.426922 -0.001549 0.904287
-23.290077 208.499985 55.502998 -0.379879 0.000020 0.925036
-28.876074 208.499985 52.866001 -0.472878 0.000004 0.881128
-34.162075 208.499969 49.667999 -0.561049 -0.000011 0.827783
-31.560068 191.499985 51.334999 -0.517697 -0.001563 0.855562
-39.090073 208.499969 45.943001 -0.643175 0.000003 0.765719
-36.674068 191.499969 47.868999 -0.602968 -0.001566 0.797764
-43.610073 208.499969 41.731998 -0.718494 0.000009 0.695533
-41.404068 191.499969 43.896000 -0.681627 -0.001552 0.731698
-45.701069 191.499969 39.456997 -0.753387 -0.001547 0.657576
-47.672073 208.499969 37.077995 -0.786201 0.000012 0.617971
-43.553070 191.499969 41.676998 -0.718498 -0.004659 0.695513
-28.839069 191.499985 52.796001 -0.472859 -0.004657 0.881126
-20.403070 191.499985 56.603001 -0.331678 -0.001537 0.943391
-17.463076 208.499985 57.551998 -0.282662 0.000011 0.959220
-14.477071 191.499985 58.348999 -0.232936 -0.001552 0.972491
40.107922 208.500000 44.169998 0.676779 -0.000012 0.736186
42.327927 191.500000 42.021000 0.713743 -0.001566 0.700406
44.434921 208.500000 39.760002 0.748864 0.000007 0.662724
37.779926 191.500000 46.202000 0.638013 -0.001566 0.770024
35.350922 208.500000 48.111000 0.597509 0.000012 0.801862
32.826927 191.500000 49.893002 0.555455 -0.001536 0.831545
30.213923 208.500000 51.542000 0.511878 0.000028 0.859058
24.751923 208.500000 54.426998 0.420909 0.000016 0.907103
27.519928 191.500000 53.055000 0.467015 -0.001540 0.884248
21.916927 191.500000 55.654999 0.373606 -0.001545 0.927586
19.021921 208.500000 56.735001 0.325383 0.001569 0.945581
13.084922 208.500000 58.442001 0.226456 -0.000015 0.974021
16.074928 191.500000 57.665001 0.276249 -0.001569 0.961085
10.057928 191.499985 59.063999 0.176003 -0.001571 0.984388
7.003922 208.499985 59.528999 0.125012 -0.000006 0.992155
3.928928 191.499985 59.835999 0.073766 -0.001579 0.997274
0.842923 208.499985 59.985001 0.022434 -0.000012 0.999748
-2.247071 191.499985 59.974998 -0.029062 -0.001556 0.999576
46.421928 191.500000 37.395004 0.782024 -0.001569 0.623246
48.284920 208.500000 34.930004 0.813088 -0.000023 0.582141
50.017929 191.500000 32.372005 0.841990 -0.001592 0.539491
51.617920 208.500000 29.728003 0.868631 -0.000021 0.495460
53.078926 191.500015 27.006002 0.892976 -0.001574 0.450103
50.234932 191.500000 -32.030998 0.845571 -0.001549 -0.533861
48.517925 208.500000 -34.600998 0.816956 0.000002 -0.576700
51.815926 208.500000 -29.376999 0.871942 0.000012 -0.489609
53.258926 191.500015 -26.644999 0.895988 -0.001572 -0.444076
54.559925 208.500000 -23.841997 0.917650 -0.000025 -0.397389
55.713928 191.500015 -20.975998 0.936900 -0.001580 -0.349594
56.718925 208.500015 -18.054998 0.953654 -0.000001 -0.300904
58.271923 208.500015 -12.075997 0.979544 0.000008 -0.201230
57.572929 191.500015 -15.084997 0.967882 -0.001558 -0.251401
58.815929 191.500015 -9.033998 0.988599 -0.001554 -0.150566
59.201923 208.500015 -5.968997 0.995034 0.000017 -0.099537
59.499920 208.500015 0.202003 0.999994 -0.000005 0.003364
59.430927 191.500015 -2.886997 0.998838 -0.001556 -0.048165
59.160919 208.500015 6.370003 0.994347 0.000003 0.106182
59.409927 191.500015 3.290002 0.998495 -0.001568 0.054821
58.189919 208.500015 12.470003 0.978164 -0.000007 0.207837
58.753929 191.500015 9.433002 0.987563 -0.001561 0.157219
57.469929 191.500015 15.475002 0.966172 -0.001578 0.257894
46.671932 191.500000 -37.077995 0.786210 -0.001562 -0.617958
44.700924 208.500000 -39.456997 0.753374 0.000008 -0.657593
42.609932 191.500000 -41.731998 0.718517 -0.001545 -0.695507
-14.085065 191.499985 -58.442001 -0.226355 -0.001563 -0.974044
-17.075071 208.499985 -57.665001 -0.276297 0.000012 -0.961072
-11.058071 208.499985 -59.063999 -0.175958 -0.000016 -0.984398
-8.004066 191.499985 -59.528999 -0.125092 -0.001564 -0.992144
-4.929072 208.499985 -59.835999 -0.073823 0.000014 -0.997271
-1.843066 191.499985 -59.985001 -0.022406 -0.001564 -0.999748
1.246928 208.499985 -59.974998 0.029118 -0.000019 -0.999576
4.331933 191.499985 -59.805000 0.080590 -0.001581 -0.996746
7.403927 208.499985 -59.477001 0.131673 -0.000035 -0.991293
10.454933 191.500000 -58.991001 0.182393 -0.001659 -0.983224
13.492553 208.500000 -58.348999 0.232989 -0.000152 -0.972479
16.462933 191.500000 -57.551998 0.282888 -0.001666 -0.959151
19.402927 208.500000 -56.603001 0.331895 -0.000032 -0.943316
22.289934 191.500000 -55.502998 0.379966 -0.001562 -0.924999
25.116926 208.500000 -54.256001 0.426932 -0.000000 -0.904284
30.559925 208.500000 -51.334999 0.517636 0.000014 -0.855601
27.875931 191.500000 -52.866001 0.472839 -0.001554 -0.881147
33.161930 191.500000 -49.667999 0.561018 -0.001545 -0.827802
19.376934 191.500000 -56.528000 0.331724 -0.004669 -0.943365
-11.044065 191.499985 -58.985001 -0.175962 -0.004719 -0.984386
-20.022064 191.499985 -56.735001 -0.325418 -0.001562 -0.945569
-22.917070 208.499985 -55.654999 -0.373626 -0.000014 -0.927579
-25.752066 191.499985 -54.426998 -0.420860 -0.001563 -0.907124
-59.754074 208.499969 -9.433002 -0.987564 -0.000016 -0.157219
-60.161064 191.499969 -6.370003 -0.994346 -0.001584 -0.106181
-60.410072 208.499969 -3.290003 -0.998493 -0.000019 -0.054871
-59.190063 191.499969 -12.470003 -0.978168 -0.001570 -0.207810
-58.470070 208.499969 -15.475003 -0.966169 0.000012 -0.257910
-57.597065 191.499969 -18.439001 -0.951602 -0.001538 -0.307330
-56.571068 208.499969 -21.354002 -0.934517 0.000026 -0.355919
-55.398064 191.499969 -24.212002 -0.914988 -0.001551 -0.403479
-54.079067 208.499969 -27.006002 -0.892998 0.000003 -0.450061
-52.618065 191.499969 -29.728003 -0.868613 -0.001561 -0.495488
-51.018070 208.499969 -32.372002 -0.841987 0.000006 -0.539499
-47.422070 208.499969 -37.395004 -0.781997 0.000000 -0.623282
-49.285065 191.499969 -34.930004 -0.813107 -0.001557 -0.582113
-43.328068 208.499969 -42.021000 -0.713777 -0.000012 -0.700373
-45.435066 191.499969 -39.760002 -0.748841 -0.001573 -0.662748
-41.108067 191.499969 -44.169998 -0.676801 -0.001569 -0.736165
-38.780067 208.499969 -46.202000 -0.637986 -0.000006 -0.770048
-36.351067 191.499969 -48.111000 -0.597565 -0.001563 -0.801819
-33.783066 191.499969 -49.827000 -0.555404 -0.004666 -0.831568
-60.500065 191.499969 -0.202003 -0.999993 -0.001584 -0.003402
-60.431072 208.499969 2.886997 -0.998838 -0.000026 0.048187
-60.202065 191.499969 5.968997 -0.995032 -0.001591 0.099538
-52.816067 191.499969 29.376999 -0.871922 -0.001567 0.489643
-51.235073 208.499969 32.030994 -0.845582 -0.000016 0.533846
-54.259071 208.499969 26.644999 -0.895968 0.000013 0.444119
-56.714073 208.499969 20.975998 -0.936904 -0.000012 0.349587
-55.560066 191.499969 23.841997 -0.917687 -0.001556 0.397302
-57.719067 191.499969 18.054998 -0.953624 -0.001575 0.300996
-56.639065 191.499969 20.947998 -0.936909 -0.004710 0.349540
-49.518070 191.499969 34.600998 -0.816986 -0.001559 0.576655
-20.508076 208.499985 45.821999 0.400128 0.000000 -0.916459
-15.252076 208.499985 47.773998 0.295093 0.000000 -0.955468
-20.508068 191.499985 45.821999 0.400128 0.000000 -0.916459
-15.252069 191.499985 47.773998 0.295093 0.000000 -0.955468
-25.513069 191.499985 43.293999 0.500241 0.000000 -0.865886
-25.513075 208.499985 43.293999 0.516377 0.000000 -0.856361
-30.203068 191.499985 40.221001 0.578887 0.000000 -0.815407
-30.203074 208.499969 40.221001 0.608954 0.000000 -0.793206
-34.520069 191.499969 36.643002 0.666534 0.000000 -0.745475
-34.520073 208.499969 36.643002 0.680407 0.000000 -0.732835
-38.408070 191.499969 32.603001 0.758210 0.000000 -0.652010
-41.820068 191.499969 28.153997 0.826385 0.000000 -0.563106
-38.408073 208.499969 32.603001 0.758210 0.000000 -0.652010
-41.820072 208.499969 28.153997 0.826385 0.000000 -0.563106
-44.713070 191.499969 23.349998 0.884259 0.000000 -0.466996
-44.713074 208.499969 23.349998 0.892852 0.000000 -0.450350
-47.610069 191.499969 37.028996 -0.786186 -0.004649 0.617972
-39.039070 191.499969 45.882000 -0.643166 -0.004677 0.765712
-34.117069 191.499969 49.602001 -0.561028 -0.004699 0.827783
-23.260071 191.499985 55.430000 -0.379939 -0.004643 0.925000
-9.810077 208.499985 49.125999 0.186212 0.000000 -0.982510
-9.810071 191.499985 49.125999 0.186212 0.000000 -0.982510
-17.440071 191.499985 57.476002 -0.282619 -0.004671 0.959221
36.142921 208.500000 34.020000 -0.732835 0.000000 -0.680407
39.720921 208.500000 29.703001 -0.804447 0.000000 -0.594025
36.142929 191.500000 34.020000 -0.732835 0.000000 -0.680407
39.720928 191.500000 29.703001 -0.804447 0.000000 -0.594025
32.102928 191.500000 37.908001 -0.652010 0.000000 -0.758210
32.102921 208.500000 37.908001 -0.652010 0.000000 -0.758210
27.653927 191.500000 41.320000 -0.563106 0.000000 -0.826385
27.653921 208.500000 41.320000 -0.563106 0.000000 -0.826385
22.849928 191.500000 44.213001 -0.466997 0.000000 -0.884259
22.849922 208.500000 44.213001 -0.466997 0.000000 -0.884259
-4.251070 191.499985 49.859001 0.075023 0.000000 -0.997182
-4.251077 208.499985 49.859001 0.075023 0.000000 -0.997182
1.354923 208.499985 49.966000 -0.037071 0.000000 -0.999313
1.354929 191.499985 49.966000 -0.037071 0.000000 -0.999313
6.936923 208.499985 49.444000 -0.148787 0.000000 -0.988869
6.936929 191.499985 49.444000 -0.148787 0.000000 -0.988869
12.426923 208.499985 48.299999 -0.258565 0.000000 -0.965994
12.426929 191.500000 48.299999 -0.258565 0.000000 -0.965994
17.752922 208.500000 46.549000 -0.365051 0.000000 -0.930988
17.752928 191.500000 46.549000 -0.365051 0.000000 -0.930988
-11.441071 191.499985 58.912998 -0.182615 -0.004662 0.983173
-5.325071 191.499985 59.726002 -0.080619 -0.004665 0.996734
0.840929 191.499985 59.904999 0.022501 -0.004707 0.999736
6.993928 191.499985 59.450001 0.124970 -0.004684 0.992150
13.066929 191.500000 58.363998 0.226464 -0.004709 0.974008
18.995928 191.500000 56.660000 0.325339 -0.004669 0.945586
24.718927 191.500000 54.355000 0.420921 -0.004659 0.907085
30.173927 191.500000 51.473999 0.511845 -0.004640 0.859065
35.303928 191.500000 48.047001 0.597530 -0.004670 0.801833
40.053928 191.500000 44.111000 0.676772 -0.004704 0.736178
44.374928 191.500000 39.708004 0.748846 -0.004670 0.662728
42.793919 208.500000 25.013002 -0.865886 0.000000 -0.500241
42.793926 191.500000 25.013002 -0.865886 0.000000 -0.500241
48.219929 191.500000 34.883003 0.813100 -0.004718 0.582104
45.321918 208.500000 20.008001 -0.916459 0.000000 -0.400128
45.321926 191.500000 20.008001 -0.923782 0.000000 -0.382918
51.547928 191.500000 29.689001 0.868602 -0.004713 0.495488
40.819931 191.500000 -28.153997 -0.826385 0.000000 0.563106
43.712933 191.500000 -23.349998 -0.884259 0.000000 0.466997
40.819923 208.500000 -28.153997 -0.826385 0.000000 0.563106
43.712925 208.500000 -23.349998 -0.884259 0.000000 0.466997
37.407925 208.500000 -32.602999 -0.758210 0.000000 0.652010
37.407932 191.500000 -32.602999 -0.758210 0.000000 0.652010
46.048931 191.500000 -18.252998 -0.930988 0.000000 0.365050
46.048923 208.500000 -18.252998 -0.937652 0.000000 0.347576
47.799927 191.500000 -12.926998 -0.960986 0.000000 0.276598
47.799923 208.500000 -12.926998 -0.965994 0.000000 0.258565
48.943928 191.500000 -7.436998 -0.988869 0.000000 0.148787
48.943924 208.500000 -7.436998 -0.988869 0.000000 0.148787
47.273926 191.500000 14.752003 -0.955468 0.000000 -0.295093
47.273922 208.500000 14.752003 -0.949784 0.000000 -0.312907
48.625923 208.500000 9.310002 -0.982510 0.000000 -0.186212
48.625927 191.500000 9.310002 -0.982510 0.000000 -0.186212
49.358925 208.500000 3.751002 -0.997182 0.000000 -0.075023
49.358929 191.500000 3.751002 -0.997182 0.000000 -0.075023
49.465923 208.500000 -1.854998 -0.999313 0.000000 0.037071
49.465927 191.500000 -1.854998 -0.999313 0.000000 0.037071
54.324928 191.500015 24.180002 0.914999 -0.004688 0.403429
56.520927 191.500015 18.414001 0.951577 -0.004706 0.307373
58.111927 191.500015 12.454003 0.978146 -0.004683 0.207869
59.081928 191.500015 6.361003 0.994336 -0.004676 0.106183
59.419926 191.500015 0.201003 0.999983 -0.004706 0.003400
59.122929 191.500015 -5.960997 0.995022 -0.004670 -0.099550
58.193928 191.500015 -12.059998 0.979535 -0.004683 -0.201217
56.642929 191.500015 -18.030998 0.953633 -0.004688 -0.300934
54.485928 191.500015 -23.810999 0.917638 -0.004719 -0.397390
51.746933 191.500000 -29.337997 0.871955 -0.004662 -0.489563
48.452930 191.500000 -34.554996 0.816927 -0.004684 -0.576721
33.519924 208.500000 -36.643002 -0.680407 0.000000 0.732834
33.519932 191.500000 -36.643002 -0.666534 0.000000 0.745475
44.640930 191.500000 -39.404995 0.753390 -0.004670 -0.657557
-13.427066 191.499985 -48.299999 0.258565 0.000000 0.965994
-7.937066 191.499985 -49.444000 0.148787 0.000000 0.988869
-13.427072 208.499985 -48.299999 0.258565 0.000000 0.965994
-7.937072 208.499985 -49.444000 0.148787 0.000000 0.988869
-18.753073 208.499985 -46.549000 0.365051 0.000000 0.930988
-18.753065 191.499985 -46.549000 0.365051 0.000000 0.930988
-2.355066 191.499985 -49.966000 0.037071 0.000000 0.999313
-2.355072 208.499985 -49.966000 0.037071 0.000000 0.999313
3.250933 191.499985 -49.859001 -0.075023 0.000000 0.997182
3.250927 208.499985 -49.859001 -0.075023 0.000000 0.997182
8.809934 191.499985 -49.125999 -0.186212 0.000000 0.982510
8.809927 208.499985 -49.125999 -0.186212 0.000000 0.982510
29.202930 191.500000 -40.221001 -0.594024 0.000000 0.804447
29.202925 208.500000 -40.221001 -0.608954 0.000000 0.793206
24.512926 208.500000 -43.293999 -0.500241 0.000000 0.865886
24.512932 191.500000 -43.293999 -0.500241 0.000000 0.865886
19.507925 208.500000 -45.821999 -0.400128 0.000000 0.916459
19.507931 191.500000 -45.821999 -0.400128 0.000000 0.916459
14.251926 208.500000 -47.773998 -0.295093 0.000000 0.955468
14.251932 191.500000 -47.773998 -0.295093 0.000000 0.955468
40.349930 191.500000 -43.838001 0.681647 -0.004661 -0.731666
35.625931 191.500000 -47.806000 0.602993 -0.004659 -0.797733
30.518930 191.500000 -51.266998 0.517629 -0.004671 -0.855592
25.082932 191.500000 -54.183998 0.426891 -0.004684 -0.904291
13.458933 191.500000 -58.271999 0.232924 -0.004865 -0.972483
7.392934 191.499985 -59.397999 0.131780 -0.004692 -0.991268
1.243934 191.499985 -59.895000 0.029137 -0.004709 -0.999564
-4.924066 191.499985 -59.757000 -0.073812 -0.004656 -0.997261
-17.053064 191.499985 -57.589001 -0.276321 -0.004654 -0.961054
-23.850071 208.499985 -44.213001 0.466997 0.000000 0.884259
-23.850065 191.499985 -44.213001 0.466997 0.000000 0.884259
-22.887064 191.499985 -55.581001 -0.373619 -0.004697 -0.927571
-50.359074 208.499969 -3.751002 0.997182 0.000000 0.075023
-50.466072 208.499969 1.854998 0.999313 0.000000 -0.037071
-50.359066 191.499969 -3.751002 0.997182 0.000000 0.075023
-50.466064 191.499969 1.854998 0.999313 0.000000 -0.037071
-49.626064 191.499969 -9.310002 0.982510 0.000000 0.186212
-49.626072 208.499969 -9.310002 0.982510 0.000000 0.186212
-48.274063 191.499969 -14.752002 0.955468 0.000000 0.295093
-48.274071 208.499969 -14.752002 0.955468 0.000000 0.295093
-46.322063 191.499969 -20.008001 0.916459 0.000000 0.400128
-46.322071 208.499969 -20.008001 0.916459 0.000000 0.400128
-28.654064 191.499985 -41.320000 0.563106 0.000000 0.826385
-28.654070 208.499985 -41.320000 0.563106 0.000000 0.826385
-33.103073 208.499969 -37.908001 0.652010 0.000000 0.758210
-33.103065 191.499969 -37.908001 0.652010 0.000000 0.758210
-37.143074 208.499969 -34.020000 0.732835 0.000000 0.680407
-37.143066 191.499969 -34.020000 0.732835 0.000000 0.680407
-40.721073 208.499969 -29.703001 0.804447 0.000000 0.594025
-40.721066 191.499969 -29.703001 0.804447 0.000000 0.594025
-43.794071 208.499969 -25.013002 0.865886 0.000000 0.500241
-43.794064 191.499969 -25.013002 0.865886 0.000000 0.500241
-28.483065 191.499985 -52.985001 -0.467042 -0.004658 -0.884223
-38.730064 191.499969 -46.139999 -0.637962 -0.004685 -0.770054
-43.271065 191.499969 -41.965000 -0.713784 -0.004700 -0.700350
-47.360065 191.499969 -37.345005 -0.781965 -0.004685 -0.623305
-50.951065 191.499969 -32.329002 -0.841989 -0.004683 -0.539475
-54.008064 191.499969 -26.970001 -0.892988 -0.004683 -0.450056
-56.497066 191.499969 -21.326002 -0.934490 -0.004654 -0.355958
-58.393066 191.499969 -15.455003 -0.966173 -0.004680 -0.257851
-59.675064 191.499969 -9.420002 -0.987556 -0.004710 -0.157199
-60.330067 191.499969 -3.286003 -0.998482 -0.004712 -0.054877
-49.944073 208.499969 7.436998 0.988869 0.000000 -0.148787
-49.944065 191.499969 7.436998 0.988869 0.000000 -0.148787
-60.351067 191.499969 2.882997 -0.998825 -0.004712 0.048234
-48.800064 191.499969 12.926998 0.965994 0.000000 -0.258565
-48.800072 208.499969 12.926998 0.965994 0.000000 -0.258565
-47.049072 208.499969 18.252998 0.930988 0.000000 -0.365051
-47.049065 191.499969 18.252998 0.923998 0.000000 -0.382397
-59.737064 191.499969 9.021997 -0.988592 -0.004701 0.150547
-58.496063 191.499969 15.064999 -0.967873 -0.004680 0.251397
-54.188065 191.499969 26.609999 -0.895934 -0.004657 0.444163
-51.167068 191.499969 31.988995 -0.845580 -0.004701 0.533829
-34.520069 191.499969 36.643002 0.000000 -1.000000 0.000000
-30.203068 191.499985 40.221001 0.000000 -1.000000 0.000000
-39.039070 191.499969 45.882000 0.000000 -1.000000 0.000000
-39.039070 191.499969 45.882000 0.000000 -1.000000 0.000000
-30.203068 191.499985 40.221001 0.000000 -1.000000 0.000000
-36.674068 191.499969 47.868999 0.000000 -1.000000 0.000000
-34.117069 191.499969 49.602001 0.000000 -1.000000 0.000000
-25.513069 191.499985 43.293999 0.000000 -1.000000 0.000000
-34.117069 191.499969 49.602001 0.000000 -1.000000 0.000000
-25.513069 191.499985 43.293999 0.000000 -1.000000 0.000000
-31.560068 191.499985 51.334999 0.000000 -1.000000 0.000000
-31.560068 191.499985 51.334999 0.000000 -1.000000 0.000000
-25.513069 191.499985 43.293999 0.000000 -1.000000 0.000000
-28.839069 191.499985 52.796001 0.000000 -1.000000 0.000000
-20.508068 191.499985 45.821999 0.000000 -1.000000 0.000000
-26.117069 191.499985 54.256001 0.000000 -1.000000 0.000000
-23.260071 191.499985 55.430000 0.000000 -1.000000 0.000000
-20.403070 191.499985 56.603001 0.000000 -1.000000 0.000000
-15.252069 191.499985 47.773998 0.000000 -1.000000 0.000000
-17.440071 191.499985 57.476002 0.000000 -1.000000 0.000000
-14.477071 191.499985 58.348999 0.000000 -1.000000 0.000000
-9.810071 191.499985 49.125999 0.000000 -1.000000 0.000000
-11.441071 191.499985 58.912998 0.000000 -1.000000 0.000000
-8.404071 191.499985 59.477001 0.000000 -1.000000 0.000000
-4.251070 191.499985 49.859001 0.000000 -1.000000 0.000000
-5.325071 191.499985 59.726002 0.000000 -1.000000 0.000000
-2.247071 191.499985 59.974998 0.000000 -1.000000 0.000000
1.354929 191.499985 49.966000 0.000000 -1.000000 0.000000
0.840929 191.499985 59.904999 0.000000 -1.000000 0.000000
3.928928 191.499985 59.835999 0.000000 -1.000000 0.000000
6.936929 191.499985 49.444000 0.000000 -1.000000 0.000000
6.993928 191.499985 59.450001 0.000000 -1.000000 0.000000
10.057928 191.499985 59.063999 0.000000 -1.000000 0.000000
10.057928 191.499985 59.063999 0.000000 -1.000000 0.000000
6.936929 191.499985 49.444000 0.000000 -1.000000 0.000000
13.066929 191.500000 58.363998 0.000000 -1.000000 0.000000
6.936929 191.499985 49.444000 0.000000 -1.000000 0.000000
12.426929 191.500000 48.299999 0.000000 -1.000000 0.000000
13.066929 191.500000 58.363998 0.000000 -1.000000 0.000000
13.066929 191.500000 58.363998 0.000000 -1.000000 0.000000
12.426929 191.500000 48.299999 0.000000 -1.000000 0.000000
16.074928 191.500000 57.665001 0.000000 -1.000000 0.000000
18.995928 191.500000 56.660000 0.000000 -1.000000 0.000000
17.752928 191.500000 46.549000 0.000000 -1.000000 0.000000
21.916927 191.500000 55.654999 0.000000 -1.000000 0.000000
24.718927 191.500000 54.355000 0.000000 -1.000000 0.000000
22.849928 191.500000 44.213001 0.000000 -1.000000 0.000000
27.519928 191.500000 53.055000 0.000000 -1.000000 0.000000
30.173927 191.500000 51.473999 0.000000 -1.000000 0.000000
27.653927 191.500000 41.320000 0.000000 -1.000000 0.000000
32.826927 191.500000 49.893002 0.000000 -1.000000 0.000000
35.303928 191.500000 48.047001 0.000000 -1.000000 0.000000
32.102928 191.500000 37.908001 0.000000 -1.000000 0.000000
37.779926 191.500000 46.202000 0.000000 -1.000000 0.000000
40.053928 191.500000 44.111000 0.000000 -1.000000 0.000000
36.142929 191.500000 34.020000 0.000000 -1.000000 0.000000
42.327927 191.500000 42.021000 0.000000 -1.000000 0.000000
44.374928 191.500000 39.708004 0.000000 -1.000000 0.000000
46.421928 191.500000 37.395004 0.000000 -1.000000 0.000000
39.720928 191.500000 29.703001 0.000000 -1.000000 0.000000
48.219929 191.500000 34.883003 0.000000 -1.000000 0.000000
50.017929 191.500000 32.372005 0.000000 -1.000000 0.000000
42.793926 191.500000 25.013002 0.000000 -1.000000 0.000000
51.547928 191.500000 29.689001 0.000000 -1.000000 0.000000
51.547928 191.500000 29.689001 0.000000 -1.000000 0.000000
42.793926 191.500000 25.013002 0.000000 -1.000000 0.000000
53.078926 191.500015 27.006002 0.000000 -1.000000 0.000000
53.078926 191.500015 27.006002 0.000000 -1.000000 0.000000
42.793926 191.500000 25.013002 0.000000 -1.000000 0.000000
45.321926 191.500000 20.008001 0.000000 -1.000000 0.000000
54.324928 191.500015 24.180002 0.000000 -1.000000 0.000000
55.570927 191.500015 21.354002 0.000000 -1.000000 0.000000
47.273926 191.500000 14.752003 0.000000 -1.000000 0.000000
55.570927 191.500015 21.354002 0.000000 -1.000000 0.000000
47.273926 191.500000 14.752003 0.000000 -1.000000 0.000000
56.520927 191.500015 18.414001 0.000000 -1.000000 0.000000
57.469929 191.500015 15.475002 0.000000 -1.000000 0.000000
48.625927 191.500000 9.310002 0.000000 -1.000000 0.000000
57.469929 191.500015 15.475002 0.000000 -1.000000 0.000000
48.625927 191.500000 9.310002 0.000000 -1.000000 0.000000
58.111927 191.500015 12.454003 0.000000 -1.000000 0.000000
58.753929 191.500015 9.433002 0.000000 -1.000000 0.000000
59.081928 191.500015 6.361003 0.000000 -1.000000 0.000000
49.358929 191.500000 3.751002 0.000000 -1.000000 0.000000
59.409927 191.500015 3.290002 0.000000 -1.000000 0.000000
59.419926 191.500015 0.201003 0.000000 -1.000000 0.000000
49.465927 191.500000 -1.854998 0.000000 -1.000000 0.000000
59.430927 191.500015 -2.886997 0.000000 -1.000000 0.000000
59.122929 191.500015 -5.960997 0.000000 -1.000000 0.000000
48.943928 191.500000 -7.436998 0.000000 -1.000000 0.000000
58.815929 191.500015 -9.033998 0.000000 -1.000000 0.000000
58.815929 191.500015 -9.033998 0.000000 -1.000000 0.000000
48.943928 191.500000 -7.436998 0.000000 -1.000000 0.000000
58.193928 191.500015 -12.059998 0.000000 -1.000000 0.000000
47.799927 191.500000 -12.926998 0.000000 -1.000000 0.000000
57.572929 191.500015 -15.084997 0.000000 -1.000000 0.000000
56.642929 191.500015 -18.030998 0.000000 -1.000000 0.000000
46.048931 191.500000 -18.252998 0.000000 -1.000000 0.000000
55.713928 191.500015 -20.975998 0.000000 -1.000000 0.000000
55.713928 191.500015 -20.975998 0.000000 -1.000000 0.000000
46.048931 191.500000 -18.252998 0.000000 -1.000000 0.000000
54.485928 191.500015 -23.810999 0.000000 -1.000000 0.000000
43.712933 191.500000 -23.349998 0.000000 -1.000000 0.000000
53.258926 191.500015 -26.644999 0.000000 -1.000000 0.000000
53.258926 191.500015 -26.644999 0.000000 -1.000000 0.000000
43.712933 191.500000 -23.349998 0.000000 -1.000000 0.000000
51.746933 191.500000 -29.337997 0.000000 -1.000000 0.000000
51.746933 191.500000 -29.337997 0.000000 -1.000000 0.000000
43.712933 191.500000 -23.349998 0.000000 -1.000000 0.000000
40.819931 191.500000 -28.153997 0.000000 -1.000000 0.000000
50.234932 191.500000 -32.030998 0.000000 -1.000000 0.000000
48.452930 191.500000 -34.554996 0.000000 -1.000000 0.000000
46.671932 191.500000 -37.077995 0.000000 -1.000000 0.000000
37.407932 191.500000 -32.602999 0.000000 -1.000000 0.000000
44.640930 191.500000 -39.404995 0.000000 -1.000000 0.000000
42.609932 191.500000 -41.731998 0.000000 -1.000000 0.000000
33.519932 191.500000 -36.643002 0.000000 -1.000000 0.000000
40.349930 191.500000 -43.838001 0.000000 -1.000000 0.000000
38.089931 191.500000 -45.943001 0.000000 -1.000000 0.000000
29.202930 191.500000 -40.221001 0.000000 -1.000000 0.000000
35.625931 191.500000 -47.806000 0.000000 -1.000000 0.000000
33.161930 191.500000 -49.667999 0.000000 -1.000000 0.000000
24.512932 191.500000 -43.293999 0.000000 -1.000000 0.000000
30.518930 191.500000 -51.266998 0.000000 -1.000000 0.000000
27.875931 191.500000 -52.866001 0.000000 -1.000000 0.000000
25.082932 191.500000 -54.183998 0.000000 -1.000000 0.000000
19.507931 191.500000 -45.821999 0.000000 -1.000000 0.000000
22.289934 191.500000 -55.502998 0.000000 -1.000000 0.000000
19.376934 191.500000 -56.528000 0.000000 -1.000000 0.000000
14.251932 191.500000 -47.773998 0.000000 -1.000000 0.000000
16.462933 191.500000 -57.551998 0.000000 -1.000000 0.000000
13.458933 191.500000 -58.271999 0.000000 -1.000000 0.000000
14.251932 191.500000 -47.773998 0.000000 -1.000000 0.000000
8.809934 191.499985 -49.125999 0.000000 -1.000000 0.000000
13.458933 191.500000 -58.271999 0.000000 -1.000000 0.000000
13.458933 191.500000 -58.271999 0.000000 -1.000000 0.000000
8.809934 191.499985 -49.125999 0.000000 -1.000000 0.000000
10.454933 191.500000 -58.991001 0.000000 -1.000000 0.000000
10.454933 191.500000 -58.991001 0.000000 -1.000000 0.000000
8.809934 191.499985 -49.125999 0.000000 -1.000000 0.000000
7.392934 191.499985 -59.397999 0.000000 -1.000000 0.000000
7.392934 191.499985 -59.397999 0.000000 -1.000000 0.000000
8.809934 191.499985 -49.125999 0.000000 -1.000000 0.000000
3.250933 191.499985 -49.859001 0.000000 -1.000000 0.000000
4.331933 191.499985 -59.805000 0.000000 -1.000000 0.000000
1.243934 191.499985 -59.895000 0.000000 -1.000000 0.000000
-2.355066 191.499985 -49.966000 0.000000 -1.000000 0.000000
-1.843066 191.499985 -59.985001 0.000000 -1.000000 0.000000
-4.924066 191.499985 -59.757000 0.000000 -1.000000 0.000000
-7.937066 191.499985 -49.444000 0.000000 -1.000000 0.000000
-8.004066 191.499985 -59.528999 0.000000 -1.000000 0.000000
-11.044065 191.499985 -58.985001 0.000000 -1.000000 0.000000
-13.427066 191.499985 -48.299999 0.000000 -1.000000 0.000000
-14.085065 191.499985 -58.442001 0.000000 -1.000000 0.000000
-17.053064 191.499985 -57.589001 0.000000 -1.000000 0.000000
-20.022064 191.499985 -56.735001 0.000000 -1.000000 0.000000
-18.753065 191.499985 -46.549000 0.000000 -1.000000 0.000000
-22.887064 191.499985 -55.581001 0.000000 -1.000000 0.000000
-25.752066 191.499985 -54.426998 0.000000 -1.000000 0.000000
-23.850065 191.499985 -44.213001 0.000000 -1.000000 0.000000
-28.483065 191.499985 -52.985001 0.000000 -1.000000 0.000000
-31.214066 191.499985 -51.542000 0.000000 -1.000000 0.000000
-28.654064 191.499985 -41.320000 0.000000 -1.000000 0.000000
-31.214066 191.499985 -51.542000 0.000000 -1.000000 0.000000
-28.654064 191.499985 -41.320000 0.000000 -1.000000 0.000000
-33.783066 191.499969 -49.827000 0.000000 -1.000000 0.000000
-33.783066 191.499969 -49.827000 0.000000 -1.000000 0.000000
-28.654064 191.499985 -41.320000 0.000000 -1.000000 0.000000
-36.351067 191.499969 -48.111000 0.000000 -1.000000 0.000000
-36.351067 191.499969 -48.111000 0.000000 -1.000000 0.000000
-28.654064 191.499985 -41.320000 0.000000 -1.000000 0.000000
-33.103065 191.499969 -37.908001 0.000000 -1.000000 0.000000
-36.351067 191.499969 -48.111000 0.000000 -1.000000 0.000000
-33.103065 191.499969 -37.908001 0.000000 -1.000000 0.000000
-38.730064 191.499969 -46.139999 0.000000 -1.000000 0.000000
-41.108067 191.499969 -44.169998 0.000000 -1.000000 0.000000
-43.271065 191.499969 -41.965000 0.000000 -1.000000 0.000000
-37.143066 191.499969 -34.020000 0.000000 -1.000000 0.000000
-45.435066 191.499969 -39.760002 0.000000 -1.000000 0.000000
-47.360065 191.499969 -37.345005 0.000000 -1.000000 0.000000
-40.721066 191.499969 -29.703001 0.000000 -1.000000 0.000000
-49.285065 191.499969 -34.930004 0.000000 -1.000000 0.000000
-50.951065 191.499969 -32.329002 0.000000 -1.000000 0.000000
-43.794064 191.499969 -25.013002 0.000000 -1.000000 0.000000
-52.618065 191.499969 -29.728003 0.000000 -1.000000 0.000000
-54.008064 191.499969 -26.970001 0.000000 -1.000000 0.000000
-46.322063 191.499969 -20.008001 0.000000 -1.000000 0.000000
-55.398064 191.499969 -24.212002 0.000000 -1.000000 0.000000
-56.497066 191.499969 -21.326002 0.000000 -1.000000 0.000000
-48.274063 191.499969 -14.752002 0.000000 -1.000000 0.000000
-57.597065 191.499969 -18.439001 0.000000 -1.000000 0.000000
-58.393066 191.499969 -15.455003 0.000000 -1.000000 0.000000
-49.626064 191.499969 -9.310002 0.000000 -1.000000 0.000000
-59.190063 191.499969 -12.470003 0.000000 -1.000000 0.000000
-59.675064 191.499969 -9.420002 0.000000 -1.000000 0.000000
-50.359066 191.499969 -3.751002 0.000000 -1.000000 0.000000
-60.161064 191.499969 -6.370003 0.000000 -1.000000 0.000000
-60.330067 191.499969 -3.286003 0.000000 -1.000000 0.000000
-60.500065 191.499969 -0.202003 0.000000 -1.000000 0.000000
-50.466064 191.499969 1.854998 0.000000 -1.000000 0.000000
-60.351067 191.499969 2.882997 0.000000 -1.000000 0.000000
-60.202065 191.499969 5.968997 0.000000 -1.000000 0.000000
-49.944065 191.499969 7.436998 0.000000 -1.000000 0.000000
-59.737064 191.499969 9.021997 0.000000 -1.000000 0.000000
-59.272064 191.499969 12.075997 0.000000 -1.000000 0.000000
-48.800064 191.499969 12.926998 0.000000 -1.000000 0.000000
-58.496063 191.499969 15.064999 0.000000 -1.000000 0.000000
-57.719067 191.499969 18.054998 0.000000 -1.000000 0.000000
-47.049065 191.499969 18.252998 0.000000 -1.000000 0.000000
-56.639065 191.499969 20.947998 0.000000 -1.000000 0.000000
-55.560066 191.499969 23.841997 0.000000 -1.000000 0.000000
-54.188065 191.499969 26.609999 0.000000 -1.000000 0.000000
-44.713070 191.499969 23.349998 0.000000 -1.000000 0.000000
-52.816067 191.499969 29.376999 0.000000 -1.000000 0.000000
-51.167068 191.499969 31.988995 0.000000 -1.000000 0.000000
-41.820068 191.499969 28.153997 0.000000 -1.000000 0.000000
-49.518070 191.499969 34.600998 0.000000 -1.000000 0.000000
-47.610069 191.499969 37.028996 0.000000 -1.000000 0.000000
-38.408070 191.499969 32.603001 0.000000 -1.000000 0.000000
-45.701069 191.499969 39.456997 0.000000 -1.000000 0.000000
-43.553070 191.499969 41.676998 0.000000 -1.000000 0.000000
-34.520069 191.499969 36.643002 0.000000 -1.000000 0.000000
-41.404068 191.499969 43.896000 0.000000 -1.000000 0.000000
-39.039070 191.499969 45.882000 0.000000 -1.000000 0.000000
-28.876074 208.499985 52.866001 0.000000 1.000000 0.000000
-23.290077 208.499985 55.502998 0.000000 1.000000 0.000000
-20.508076 208.499985 45.821999 0.000000 1.000000 0.000000
-15.252076 208.499985 47.773998 0.000000 1.000000 0.000000
-17.463076 208.499985 57.551998 0.000000 1.000000 0.000000
-9.810077 208.499985 49.125999 0.000000 1.000000 0.000000
-11.455076 208.499985 58.991001 0.000000 1.000000 0.000000
-5.332077 208.499985 59.805000 0.000000 1.000000 0.000000
-4.251077 208.499985 49.859001 0.000000 1.000000 0.000000
0.842923 208.499985 59.985001 0.000000 1.000000 0.000000
1.354923 208.499985 49.966000 0.000000 1.000000 0.000000
7.003922 208.499985 59.528999 0.000000 1.000000 0.000000
6.936923 208.499985 49.444000 0.000000 1.000000 0.000000
6.936923 208.499985 49.444000 0.000000 1.000000 0.000000
7.003922 208.499985 59.528999 0.000000 1.000000 0.000000
13.084922 208.500000 58.442001 0.000000 1.000000 0.000000
6.936923 208.499985 49.444000 0.000000 1.000000 0.000000
13.084922 208.500000 58.442001 0.000000 1.000000 0.000000
12.426923 208.499985 48.299999 0.000000 1.000000 0.000000
19.021921 208.500000 56.735001 0.000000 1.000000 0.000000
12.426923 208.499985 48.299999 0.000000 1.000000 0.000000
19.021921 208.500000 56.735001 0.000000 1.000000 0.000000
17.752922 208.500000 46.549000 0.000000 1.000000 0.000000
17.752922 208.500000 46.549000 0.000000 1.000000 0.000000
19.021921 208.500000 56.735001 0.000000 1.000000 0.000000
24.751923 208.500000 54.426998 0.000000 1.000000 0.000000
22.849922 208.500000 44.213001 0.000000 1.000000 0.000000
30.213923 208.500000 51.542000 0.000000 1.000000 0.000000
27.653921 208.500000 41.320000 0.000000 1.000000 0.000000
35.350922 208.500000 48.111000 0.000000 1.000000 0.000000
32.102921 208.500000 37.908001 0.000000 1.000000 0.000000
40.107922 208.500000 44.169998 0.000000 1.000000 0.000000
36.142921 208.500000 34.020000 0.000000 1.000000 0.000000
44.434921 208.500000 39.760002 0.000000 1.000000 0.000000
39.720921 208.500000 29.703001 0.000000 1.000000 0.000000
48.284920 208.500000 34.930004 0.000000 1.000000 0.000000
42.793919 208.500000 25.013002 0.000000 1.000000 0.000000
51.617920 208.500000 29.728003 0.000000 1.000000 0.000000
45.321918 208.500000 20.008001 0.000000 1.000000 0.000000
54.397919 208.500000 24.212002 0.000000 1.000000 0.000000
45.321918 208.500000 20.008001 0.000000 1.000000 0.000000
54.397919 208.500000 24.212002 0.000000 1.000000 0.000000
56.596920 208.500015 18.439001 0.000000 1.000000 0.000000
45.321918 208.500000 20.008001 0.000000 1.000000 0.000000
56.596920 208.500015 18.439001 0.000000 1.000000 0.000000
47.273922 208.500000 14.752003 0.000000 1.000000 0.000000
47.273922 208.500000 14.752003 0.000000 1.000000 0.000000
56.596920 208.500015 18.439001 0.000000 1.000000 0.000000
58.189919 208.500015 12.470003 0.000000 1.000000 0.000000
48.625923 208.500000 9.310002 0.000000 1.000000 0.000000
48.625923 208.500000 9.310002 0.000000 1.000000 0.000000
58.189919 208.500015 12.470003 0.000000 1.000000 0.000000
59.160919 208.500015 6.370003 0.000000 1.000000 0.000000
49.358925 208.500000 3.751002 0.000000 1.000000 0.000000
59.499920 208.500015 0.202003 0.000000 1.000000 0.000000
49.465923 208.500000 -1.854998 0.000000 1.000000 0.000000
59.201923 208.500015 -5.968997 0.000000 1.000000 0.000000
48.943924 208.500000 -7.436998 0.000000 1.000000 0.000000
58.271923 208.500015 -12.075997 0.000000 1.000000 0.000000
48.943924 208.500000 -7.436998 0.000000 1.000000 0.000000
58.271923 208.500015 -12.075997 0.000000 1.000000 0.000000
47.799923 208.500000 -12.926998 0.000000 1.000000 0.000000
56.718925 208.500015 -18.054998 0.000000 1.000000 0.000000
46.048923 208.500000 -18.252998 0.000000 1.000000 0.000000
46.048923 208.500000 -18.252998 0.000000 1.000000 0.000000
56.718925 208.500015 -18.054998 0.000000 1.000000 0.000000
54.559925 208.500000 -23.841997 0.000000 1.000000 0.000000
46.048923 208.500000 -18.252998 0.000000 1.000000 0.000000
54.559925 208.500000 -23.841997 0.000000 1.000000 0.000000
43.712925 208.500000 -23.349998 0.000000 1.000000 0.000000
51.815926 208.500000 -29.376999 0.000000 1.000000 0.000000
40.819923 208.500000 -28.153997 0.000000 1.000000 0.000000
48.517925 208.500000 -34.600998 0.000000 1.000000 0.000000
37.407925 208.500000 -32.602999 0.000000 1.000000 0.000000
44.700924 208.500000 -39.456997 0.000000 1.000000 0.000000
33.519924 208.500000 -36.643002 0.000000 1.000000 0.000000
40.403923 208.500000 -43.896000 0.000000 1.000000 0.000000
35.673923 208.500000 -47.868999 0.000000 1.000000 0.000000
29.202925 208.500000 -40.221001 0.000000 1.000000 0.000000
30.559925 208.500000 -51.334999 0.000000 1.000000 0.000000
24.512926 208.500000 -43.293999 0.000000 1.000000 0.000000
25.116926 208.500000 -54.256001 0.000000 1.000000 0.000000
19.507925 208.500000 -45.821999 0.000000 1.000000 0.000000
19.402927 208.500000 -56.603001 0.000000 1.000000 0.000000
14.251926 208.500000 -47.773998 0.000000 1.000000 0.000000
13.492553 208.500000 -58.348999 0.000000 1.000000 0.000000
14.251926 208.500000 -47.773998 0.000000 1.000000 0.000000
13.492553 208.500000 -58.348999 0.000000 1.000000 0.000000
8.809927 208.499985 -49.125999 0.000000 1.000000 0.000000
7.403927 208.499985 -59.477001 0.000000 1.000000 0.000000
8.809927 208.499985 -49.125999 0.000000 1.000000 0.000000
7.403927 208.499985 -59.477001 0.000000 1.000000 0.000000
3.250927 208.499985 -49.859001 0.000000 1.000000 0.000000
1.246928 208.499985 -59.974998 0.000000 1.000000 0.000000
-2.355072 208.499985 -49.966000 0.000000 1.000000 0.000000
-4.929072 208.499985 -59.835999 0.000000 1.000000 0.000000
-7.937072 208.499985 -49.444000 0.000000 1.000000 0.000000
-11.058071 208.499985 -59.063999 0.000000 1.000000 0.000000
-13.427072 208.499985 -48.299999 0.000000 1.000000 0.000000
-17.075071 208.499985 -57.665001 0.000000 1.000000 0.000000
-18.753073 208.499985 -46.549000 0.000000 1.000000 0.000000
-22.917070 208.499985 -55.654999 0.000000 1.000000 0.000000
-23.850071 208.499985 -44.213001 0.000000 1.000000 0.000000
-28.520071 208.499985 -53.055000 0.000000 1.000000 0.000000
-23.850071 208.499985 -44.213001 0.000000 1.000000 0.000000
-28.520071 208.499985 -53.055000 0.000000 1.000000 0.000000
-33.827068 208.499969 -49.893002 0.000000 1.000000 0.000000
-23.850071 208.499985 -44.213001 0.000000 1.000000 0.000000
-33.827068 208.499969 -49.893002 0.000000 1.000000 0.000000
-28.654070 208.499985 -41.320000 0.000000 1.000000 0.000000
-38.780067 208.499969 -46.202000 0.000000 1.000000 0.000000
-28.654070 208.499985 -41.320000 0.000000 1.000000 0.000000
-38.780067 208.499969 -46.202000 0.000000 1.000000 0.000000
-33.103073 208.499969 -37.908001 0.000000 1.000000 0.000000
-33.103073 208.499969 -37.908001 0.000000 1.000000 0.000000
-38.780067 208.499969 -46.202000 0.000000 1.000000 0.000000
-43.328068 208.499969 -42.021000 0.000000 1.000000 0.000000
-37.143074 208.499969 -34.020000 0.000000 1.000000 0.000000
-47.422070 208.499969 -37.395004 0.000000 1.000000 0.000000
-40.721073 208.499969 -29.703001 0.000000 1.000000 0.000000
-51.018070 208.499969 -32.372002 0.000000 1.000000 0.000000
-43.794071 208.499969 -25.013002 0.000000 1.000000 0.000000
-54.079067 208.499969 -27.006002 0.000000 1.000000 0.000000
-46.322071 208.499969 -20.008001 0.000000 1.000000 0.000000
-56.571068 208.499969 -21.354002 0.000000 1.000000 0.000000
-48.274071 208.499969 -14.752002 0.000000 1.000000 0.000000
-58.470070 208.499969 -15.475003 0.000000 1.000000 0.000000
-49.626072 208.499969 -9.310002 0.000000 1.000000 0.000000
-59.754074 208.499969 -9.433002 0.000000 1.000000 0.000000
-50.359074 208.499969 -3.751002 0.000000 1.000000 0.000000
-60.410072 208.499969 -3.290003 0.000000 1.000000 0.000000
-50.466072 208.499969 1.854998 0.000000 1.000000 0.000000
-60.431072 208.499969 2.886997 0.000000 1.000000 0.000000
-49.944073 208.499969 7.436998 0.000000 1.000000 0.000000
-59.816074 208.499969 9.033998 0.000000 1.000000 0.000000
-58.573074 208.499969 15.084997 0.000000 1.000000 0.000000
-48.800072 208.499969 12.926998 0.000000 1.000000 0.000000
-56.714073 208.499969 20.975998 0.000000 1.000000 0.000000
-47.049072 208.499969 18.252998 0.000000 1.000000 0.000000
-54.259071 208.499969 26.644999 0.000000 1.000000 0.000000
-44.713074 208.499969 23.349998 0.000000 1.000000 0.000000
-51.235073 208.499969 32.030994 0.000000 1.000000 0.000000
-41.820072 208.499969 28.153997 0.000000 1.000000 0.000000
-47.672073 208.499969 37.077995 0.000000 1.000000 0.000000
-38.408073 208.499969 32.603001 0.000000 1.000000 0.000000
-43.610073 208.499969 41.731998 0.000000 1.000000 0.000000
-34.520073 208.499969 36.643002 0.000000 1.000000 0.000000
-39.090073 208.499969 45.943001 0.000000 1.000000 0.000000
-30.203074 208.499969 40.221001 0.000000 1.000000 0.000000
-34.162075 208.499969 49.667999 0.000000 1.000000 0.000000
-30.203074 208.499969 40.221001 0.000000 1.000000 0.000000
-34.162075 208.499969 49.667999 0.000000 1.000000 0.000000
-25.513075 208.499985 43.293999 0.000000 1.000000 0.000000
-25.513075 208.499985 43.293999 0.000000 1.000000 0.000000
-34.162075 208.499969 49.667999 0.000000 1.000000 0.000000
-28.876074 208.499985 52.866001 0.000000 1.000000 0.000000
-25.513075 208.499985 43.293999 0.000000 1.000000 0.000000
