0 1 2
3 4 5
6 7 8
9 10 11
12 13 14
15 16 17
18 19 17
20 21 18
22 23 20
24 22 25
22 24 26
23 22 26
17 19 27
15 17 27
28 29 16
30 14 29
31 32 33
34 31 35
36 35 37
38 39 37
40 38 41
42 43 41
44 42 45
46 45 47
13 48 47
49 50 33
51 52 50
52 53 11
54 55 56
57 56 58
59 58 60
61 62 60
63 61 64
65 66 64
67 68 65
69 70 67
71 69 10
55 72 73
73 74 6
75 76 77
78 77 79
80 79 81
82 81 83
84 83 85
86 85 87
88 87 89
90 91 89
8 92 90
87 88 93
86 87 93
77 78 94
75 77 94
76 95 96
97 5 96
98 99 100
101 98 102
103 102 104
105 104 106
107 106 108
109 110 108
111 112 109
113 111 114
115 114 4
4 3 116
115 4 116
100 117 118
119 2 118
120 121 122
123 124 122
1 125 123
123 125 126
124 123 126
127 25 121
128 129 130
130 129 131
130 132 128
128 132 133
132 134 133
133 134 135
134 136 135
135 136 137
138 139 140
140 139 141
140 137 138
138 137 136
139 142 141
141 142 143
127 144 25
25 144 24
23 145 20
20 145 21
21 146 18
18 146 19
15 147 16
16 147 28
129 148 131
131 148 149
28 150 29
29 150 30
151 152 153
153 152 154
153 155 151
151 155 156
155 157 156
156 157 158
157 159 158
158 159 160
161 149 162
162 149 148
162 163 161
161 163 164
163 165 164
164 165 166
165 167 166
166 167 168
167 169 168
168 169 170
169 160 170
170 160 159
30 171 14
14 171 12
12 172 13
13 172 48
48 173 47
47 173 46
46 174 45
45 174 44
44 175 42
42 175 43
43 176 41
41 176 40
40 177 38
38 177 39
39 178 37
37 178 36
36 179 35
35 179 34
34 180 31
31 180 32
32 181 33
33 181 49
152 182 154
154 182 183
49 184 50
50 184 51
182 185 183
183 185 186
51 187 52
52 187 53
188 189 190
190 189 191
190 192 188
188 192 193
189 194 191
191 194 195
194 196 195
195 196 197
196 198 197
197 198 199
200 186 201
201 186 185
201 202 200
200 202 203
202 204 203
203 204 205
204 206 205
205 206 207
206 199 207
207 199 198
53 208 11
11 208 9
9 209 10
10 209 71
71 210 69
69 210 70
70 211 67
67 211 68
68 212 65
65 212 66
66 213 64
64 213 63
63 214 61
61 214 62
62 215 60
60 215 59
59 216 58
58 216 57
57 217 56
56 217 54
54 218 55
55 218 72
192 219 193
193 219 220
72 221 73
73 221 74
222 223 224
224 223 225
224 226 222
222 226 227
223 228 225
225 228 229
228 230 229
229 230 231
230 232 231
231 232 233
234 220 235
235 220 219
235 236 234
234 236 237
236 238 237
237 238 239
238 240 239
239 240 241
240 233 241
241 233 232
74 242 6
6 242 7
7 243 8
8 243 92
92 244 90
90 244 91
91 245 89
89 245 88
86 246 85
85 246 84
84 247 83
83 247 82
82 248 81
81 248 80
80 249 79
79 249 78
75 250 76
76 250 95
226 251 227
227 251 252
95 253 96
96 253 97
254 255 256
256 255 257
256 258 254
254 258 259
258 260 259
259 260 261
260 262 261
261 262 263
264 252 265
265 252 251
265 266 264
264 266 267
266 268 267
267 268 269
268 270 269
269 270 271
270 272 271
271 272 273
272 263 273
273 263 262
97 274 5
5 274 3
115 275 114
114 275 113
113 276 111
111 276 112
112 277 109
109 277 110
110 278 108
108 278 107
107 279 106
106 279 105
105 280 104
104 280 103
103 281 102
102 281 101
101 282 98
98 282 99
99 283 100
100 283 117
255 284 257
257 284 285
117 286 118
118 286 119
287 285 288
288 285 284
288 289 287
287 289 290
289 143 290
290 143 142
119 291 2
2 291 0
0 292 1
1 292 125
124 293 122
122 293 120
120 294 121
121 294 127
295 296 297
298 299 300
300 299 301
301 299 302
303 304 305
306 307 308
307 309 308
308 309 310
310 309 311
311 309 312
309 313 312
312 313 314
314 313 315
315 313 316
315 316 317
317 316 318
316 319 318
318 319 320
320 319 321
321 319 322
321 322 323
323 322 324
322 325 324
324 325 326
326 325 327
328 329 330
331 332 333
334 335 336
336 335 337
337 335 338
337 338 339
339 338 340
338 341 340
340 341 342
342 341 343
343 341 344
343 344 345
345 344 346
344 347 346
346 347 348
348 347 349
349 347 350
349 350 351
351 350 352
352 350 353
353 350 354
353 354 355
355 354 356
354 357 356
356 357 358
359 360 361
362 363 364
362 364 365
365 364 366
364 367 366
368 369 370
370 369 371
371 369 372
373 374 375
375 374 376
376 374 377
377 374 378
377 378 379
379 378 380
378 381 380
380 381 382
382 381 383
383 381 384
383 384 385
386 387 388
387 389 388
388 389 390
390 389 391
391 389 392
391 392 393
394 395 396
395 397 396
396 397 398
399 400 401
402 403 404
402 404 405
405 404 406
406 404 407
407 404 408
407 408 409
409 408 410
408 411 410
410 411 412
412 411 413
413 411 414
413 414 415
415 414 416
414 417 416
416 417 418
418 417 419
419 417 420
417 421 420
420 421 422
422 421 423
423 421 424
423 424 425
425 424 426
427 428 429
430 431 432
433 434 435
436 437 438
436 438 439
439 438 440
438 441 440
440 441 442
442 441 443
443 441 444
443 444 445
445 444 446
444 447 446
446 447 448
448 447 449
449 447 450
447 451 450
450 451 452
452 451 453
453 451 454
453 454 455
455 454 456
454 457 456
458 459 460
461 462 463
464 465 466
467 468 469
469 468 470
470 468 471
471 468 472
471 472 473
473 472 474
472 475 474
474 475 476
476 475 477
477 475 478
477 478 479
479 478 480
478 481 480
480 481 482
482 481 483
483 481 484
483 484 485
485 484 486
484 487 486
486 487 488
488 487 489
489 487 490
489 490 491
491 490 492
492 490 493
493 490 494
493 494 495
495 494 496
494 497 496
496 497 498
498 497 499
499 497 500
499 500 501
501 500 502
500 503 502
502 503 504
504 503 505
505 503 506
503 507 506
506 507 508
508 507 509
509 507 510
509 510 511
511 510 512
510 513 512
512 513 514
514 513 515
515 513 516
515 516 517
517 516 518
519 520 521
521 520 522
520 523 522
522 523 524
523 525 524
524 525 526
524 526 527
527 526 528
527 528 529
529 528 530
529 530 531
532 533 534
535 536 537
537 536 538
539 540 541
542 543 544
542 544 545
545 544 546
545 546 547
547 546 548
547 548 549
549 548 550
549 550 551
551 550 552
551 552 553
553 552 554
553 554 555
555 554 556
555 556 557
557 556 558
559 560 561
562 563 564
565 566 567
565 567 568
569 570 571
569 571 572
572 571 573
572 573 574
574 573 575
574 575 576
576 575 577
578 579 580
580 579 581
580 581 582
583 584 585
586 587 588
588 587 589
588 589 590
590 589 591
590 591 592
592 591 593
592 593 594
594 593 595
594 595 596
594 596 597
597 596 598
597 598 599
599 598 600
599 600 601
601 600 602
601 602 603
603 602 604
605 606 607
607 606 608
609 610 611
611 610 612
611 612 613
613 612 614
613 614 615
615 614 616
615 616 617
617 616 618
617 618 619
619 618 620
619 620 621
621 620 622
623 624 625
626 627 628
628 627 629
630 631 632
633 634 635
633 635 636
636 635 637
636 637 638
638 637 639
638 639 640
640 639 641
640 641 642
642 641 643
642 643 644
644 643 645
644 645 646
646 645 647
646 647 648
648 647 649
648 649 650
650 649 651
650 651 652
652 651 653
652 653 654
652 654 655
655 654 656
655 656 657
657 656 658
657 658 659
659 658 660
659 660 661
661 660 662
661 662 663
663 662 664
663 664 665
665 664 666
665 666 667
667 666 668
669 670 671
672 673 674
675 519 521