0 1 2
3 4 5
3 5 6
4 3 7
8 9 10
11 12 13
14 15 16
17 18 19
20 21 22
23 24 25
26 20 27
28 27 29
30 29 31
32 31 33
34 33 24
35 36 17
22 37 35
38 16 39
40 39 41
42 40 41
19 43 42
44 45 46
45 44 47
44 48 47
49 48 44
50 51 52
53 54 50
55 56 53
57 58 55
59 57 60
61 60 62
63 62 64
65 64 66
67 66 68
69 68 70
46 69 70
71 72 73
74 73 15
75 13 76
77 78 79
78 80 79
80 78 81
82 81 83
82 83 84
83 85 84
85 83 86
87 86 12
78 77 88
89 90 91
90 92 91
93 94 95
94 93 96
95 94 97
87 12 98
12 11 98
11 13 99
13 75 99
100 101 102
103 104 100
105 106 107
108 109 110
111 112 113
114 115 116
117 118 119
120 121 122
123 124 125
124 123 126
127 128 129
128 127 130
127 129 131
132 133 134
135 136 137
138 139 140
139 138 141
142 143 144
143 142 145
143 145 146
147 148 149
150 147 151
148 147 150
152 153 154
155 156 157
158 159 160
159 158 161
162 163 164
165 163 162
166 167 168
168 167 169
170 171 172
167 166 173
174 175 176
175 177 178
175 174 177
165 179 180
163 165 180
181 182 183
184 181 183
185 186 187
186 185 188
187 186 189
190 191 192
124 126 193
194 195 196
197 198 199
200 201 202
201 200 203
202 201 204
196 195 205
195 194 206
207 208 209
210 208 207
208 210 211
117 119 212
213 214 215
121 216 217
121 120 216
213 215 218
214 213 219
118 117 220
115 114 221
116 115 222
223 224 225
224 223 226
227 228 229
111 113 230
140 139 231
112 111 232
109 108 233
110 109 234
235 236 237
102 101 238
239 102 238
240 241 242
241 239 242
102 239 241
241 240 243
243 240 244
245 243 244
246 247 248
247 245 248
243 245 247
247 246 249
250 251 252
158 160 253
254 255 256
257 255 254
255 257 258
259 260 261
259 262 260
262 259 263
264 265 266
265 267 266
88 267 265
265 264 49
268 269 270
46 45 271
69 46 271
68 69 272
67 68 272
66 67 273
65 66 273
53 56 274
54 53 274
52 51 275
276 52 275
224 276 225
52 276 224
24 23 277
34 24 277
33 34 278
32 33 278
29 30 279
28 29 279
19 18 280
43 19 280
42 43 281
40 42 281
39 40 282
38 39 282
16 38 283
14 16 283
284 103 72
2 285 0
0 285 286
287 288 289
289 288 290
289 291 287
287 291 292
288 293 290
290 293 294
295 296 297
297 296 298
297 6 295
295 6 5
291 299 292
292 299 300
301 302 303
303 302 304
303 305 301
301 305 306
305 300 306
306 300 299
306 299 301
301 299 302
299 291 302
302 291 289
302 289 290
290 294 302
302 294 307
308 309 310
310 311 308
308 311 312
313 314 315
312 316 317
315 318 319
320 317 321
321 317 322
322 317 323
323 317 324
324 317 325
7 10 4
4 10 9
326 327 328
328 327 329
328 330 326
326 330 331
327 332 329
329 332 333
334 335 336
336 335 337
25 24 334
334 24 338
339 333 340
340 333 332
340 341 339
339 341 342
341 343 342
342 343 344
27 20 345
345 20 346
345 347 27
27 347 29
347 348 29
29 348 31
348 349 31
31 349 33
349 338 33
33 338 24
343 350 344
344 350 351
20 22 346
346 22 352
35 17 353
353 17 354
353 352 35
35 352 22
350 355 351
351 355 356
355 357 356
356 357 358
357 359 358
358 359 360
359 361 360
360 361 362
17 19 354
354 19 363
39 16 364
364 16 365
364 366 39
39 366 41
366 367 41
41 367 42
367 363 42
42 363 19
361 368 362
362 368 369
370 371 372
372 371 373
372 374 370
370 374 375
268 286 269
269 286 285
49 44 376
376 44 377
376 378 49
49 378 265
374 379 375
375 379 380
379 381 380
380 381 382
44 46 377
377 46 383
384 385 386
386 385 387
386 388 384
384 388 389
390 391 392
392 391 393
392 394 390
390 394 395
385 396 387
387 396 397
396 395 397
397 395 394
398 399 400
401 402 403
404 405 406
407 408 409
410 411 412
412 411 413
414 415 416
417 418 412
414 419 420
412 421 422
422 423 412
414 424 425
412 426 427
427 428 412
429 430 431
412 432 433
433 434 412
429 435 436
412 437 438
438 439 412
412 439 440
412 440 441
441 440 442
442 440 443
444 445 446
447 440 448
448 440 449
450 445 451
452 440 453
453 440 454
455 456 457
458 440 459
459 440 460
459 460 461
462 463 464
465 466 467
468 469 470
471 472 473
470 474 475
476 477 467
467 477 478
479 480 481
388 382 389
389 382 381
391 482 393
393 482 416
50 52 483
483 52 484
483 485 50
50 485 53
485 486 53
53 486 55
486 487 55
55 487 57
487 488 57
57 488 60
488 489 60
60 489 62
489 490 62
62 490 64
490 491 64
64 491 66
491 492 66
66 492 68
492 493 68
68 493 70
493 383 70
70 383 46
368 494 369
369 494 460
494 495 460
460 495 461
16 15 365
365 15 496
497 498 473
473 498 475
473 469 497
497 469 499
469 461 499
499 461 495
73 72 500
500 72 501
500 496 73
73 496 15
459 464 502
502 464 503
502 504 459
459 504 457
76 13 505
505 13 506
507 508 509
509 508 510
504 511 457
457 511 454
511 512 454
454 512 453
13 12 506
506 12 513
451 453 514
514 453 512
514 515 451
451 515 449
516 92 517
517 92 90
81 78 518
518 78 519
518 520 81
81 520 83
520 521 83
83 521 86
82 522 81
81 522 80
521 513 86
86 513 12
515 523 449
449 523 448
78 88 519
519 88 524
77 525 88
88 525 267
90 89 526
526 89 527
528 529 530
531 532 533
534 535 536
537 538 539
539 538 540
540 538 541
542 535 543
544 538 545
538 546 545
545 546 547
548 549 550
551 552 545
545 552 553
545 553 554
555 556 557
553 558 559
559 558 560
560 558 561
93 530 96
96 530 562
563 564 565
565 564 566
516 517 8
8 517 9
85 86 567
567 86 87
75 76 568
568 76 249
508 569 249
249 569 247
464 467 503
503 467 570
100 102 571
571 102 572
571 573 100
100 573 103
574 575 478
478 575 481
478 477 574
574 477 576
477 475 576
576 475 498
573 501 103
103 501 72
106 105 577
577 105 578
106 579 107
107 579 580
235 581 236
236 581 582
583 584 585
585 584 586
585 587 583
583 587 588
587 589 588
588 589 590
227 591 228
228 591 592
122 593 120
120 593 594
125 595 123
123 595 541
595 596 541
541 596 540
597 598 599
599 598 600
601 602 603
604 605 606
607 608 609
609 610 607
604 611 612
604 612 613
614 615 607
607 615 616
616 615 617
617 615 600
600 615 599
618 615 619
619 615 620
620 615 621
621 615 622
622 615 623
622 623 624
624 625 622
622 625 626
622 626 627
627 628 622
629 630 631
622 632 633
633 634 622
622 634 635
622 635 152
622 636 637
638 639 640
640 639 641
642 636 643
644 645 609
609 645 610
645 646 610
610 646 612
647 648 649
649 648 650
649 651 647
647 651 652
651 653 652
652 653 654
648 655 650
650 655 656
653 657 654
654 657 658
659 660 661
661 660 662
661 663 659
659 663 664
665 666 667
667 666 668
667 658 665
665 658 657
666 662 668
668 662 660
669 670 671
672 673 674
675 676 677
678 679 680
681 674 682
683 679 684
684 679 685
685 679 686
686 679 687
687 679 688
689 690 691
692 679 693
679 694 693
693 694 695
693 695 696
696 697 693
698 699 700
701 702 703
663 680 664
664 680 704
680 682 704
704 682 705
682 684 705
705 684 706
684 685 706
706 685 707
685 686 707
707 686 708
686 687 708
708 687 709
687 688 709
709 688 710
688 691 710
710 691 711
691 693 711
711 693 712
615 613 713
713 613 714
713 715 615
615 715 623
716 717 718
718 717 719
718 720 716
716 720 721
717 722 719
719 722 723
724 725 726
726 725 727
726 728 724
724 728 729
725 730 727
727 730 731
732 733 734
734 733 735
734 735 736
734 736 737
737 736 738
738 736 739
739 736 740
741 742 743
740 744 745
740 745 746
747 748 749
750 751 752
750 752 753
754 755 756
757 758 759
753 760 761
762 763 764
765 766 767
730 723 731
731 723 722
728 768 729
729 768 742
769 770 771
771 770 772
771 128 769
769 128 130
773 774 775
775 774 776
777 778 779
779 778 780
778 781 780
780 781 782
781 783 782
782 783 784
134 136 132
132 136 135
137 785 135
135 785 627
786 787 788
788 787 789
790 791 792
792 791 793
794 795 796
797 798 799
800 801 802
803 804 805
804 806 805
807 808 809
805 810 811
811 812 805
805 812 813
805 813 814
814 815 805
805 815 816
805 816 817
818 819 820
805 821 822
823 824 825
826 827 828
805 829 830
138 796 141
141 796 831
144 831 142
142 831 796
832 833 834
834 833 835
787 836 789
789 836 811
836 149 811
811 149 148
783 837 784
784 837 817
837 776 817
817 776 774
624 623 838
838 623 715
838 133 624
624 133 132
785 839 627
627 839 628
839 840 628
628 840 631
840 841 631
631 841 633
637 640 842
842 640 843
842 844 637
637 844 622
640 641 843
843 641 845
154 156 152
152 156 155
641 155 845
845 155 157
846 847 848
848 847 849
847 850 849
849 850 851
850 852 851
851 852 853
852 854 853
853 854 855
854 856 855
855 856 857
858 859 860
860 859 861
634 633 862
862 633 841
862 863 634
634 863 635
863 153 635
635 153 152
844 864 622
622 864 621
864 192 621
621 192 191
613 612 714
714 612 646
161 865 159
159 865 866
865 867 866
866 867 868
869 870 871
872 873 874
874 873 875
876 877 878
879 873 880
881 877 882
882 877 883
884 873 885
886 877 887
887 877 888
888 877 889
889 877 890
889 890 891
892 893 894
889 895 896
889 896 897
897 898 889
889 898 899
867 900 868
868 900 890
164 901 162
162 901 902
901 903 902
902 903 904
324 325 905
905 325 906
905 907 324
324 907 323
907 908 323
323 908 322
165 170 179
179 170 172
909 188 888
888 188 185
888 889 909
909 889 910
889 899 910
910 899 911
912 913 914
914 913 915
166 896 173
173 896 916
176 916 174
174 916 896
917 918 919
919 918 920
878 880 921
921 880 922
921 923 878
878 923 875
880 882 922
922 882 924
882 883 924
924 883 925
926 927 928
928 927 929
644 609 184
184 609 181
181 602 182
182 602 930
602 601 930
930 601 931
601 603 931
931 603 932
603 616 932
932 616 933
616 617 933
933 617 934
617 600 934
934 600 598
935 936 937
937 936 938
597 599 939
939 599 619
939 619 940
940 619 190
190 619 191
941 942 943
943 942 944
554 557 941
941 557 945
557 560 945
945 560 946
560 561 946
946 561 947
561 558 947
947 558 936
948 949 950
950 949 951
950 952 948
948 952 953
954 955 956
956 955 957
956 958 954
954 958 959
955 960 957
957 960 961
958 951 959
959 951 949
198 197 119
119 197 212
962 199 963
963 199 198
964 965 966
966 965 967
966 968 964
964 968 969
970 971 972
972 971 973
974 975 976
977 978 979
979 978 980
980 978 981
978 982 981
981 982 983
981 983 984
985 986 987
981 988 989
981 989 990
991 992 993
981 994 995
981 995 996
993 997 998
999 996 1000
1001 1002 1003
1004 1005 1006
1007 1008 1009
200 594 203
203 594 593
962 963 1010
1010 963 1011
1010 1011 1012
1011 196 1012
1012 196 205
1013 1014 1015
1015 1014 1016
1015 1017 1013
1013 1017 1018
1014 1019 1016
1016 1019 1020
1017 1021 1018
1018 1021 1022
1021 1023 1022
1022 1023 1024
1025 1026 1027
1028 1029 1030
1031 1032 1033
1033 1032 1034
1034 1032 1035
1035 1032 1036
1029 1037 1038
1036 1039 1040
1036 1040 1041
1041 1042 1036
1036 1042 1043
1036 1043 1044
1044 1045 1036
1046 1047 1048
1036 1049 1050
1051 1052 1053
1046 1054 1055
1056 1057 1058
1023 953 1024
1024 953 952
194 1059 206
206 1059 1060
1061 1062 1063
1063 1062 1064
1019 1035 1020
1020 1035 1065
1035 1036 1065
1065 1036 1066
1050 1048 1067
1067 1048 1068
1067 1069 1050
1050 1069 1052
1070 1066 1055
1055 1066 1036
1055 1058 1070
1070 1058 1071
1058 1052 1071
1071 1052 1069
210 969 211
211 969 968
1072 1073 1074
1074 1073 1075
1000 1003 1072
1072 1003 1076
219 1077 214
214 1077 1009
1077 1076 1009
1009 1076 1003
220 221 118
118 221 114
222 1078 116
116 1078 1079
764 760 1080
1080 760 1081
1080 1082 764
764 1082 767
760 753 1081
1081 753 1083
756 759 1084
1084 759 1085
1084 1086 756
756 1086 740
759 767 1085
1085 767 1082
1078 1087 1079
1079 1087 1088
418 416 1089
1089 416 482
1089 331 418
418 331 330
1090 484 224
224 484 52
224 226 1090
1090 226 335
223 1091 226
226 1091 1092
226 1092 25
25 1092 23
1087 592 1088
1088 592 591
753 590 1083
1083 590 589
1086 721 740
740 721 720
768 586 742
742 586 584
229 1093 227
227 1093 1094
1093 230 1094
1094 230 113
232 233 112
112 233 108
805 772 835
835 772 770
234 582 110
110 582 581
237 1095 235
235 1095 1096
1095 1097 1096
1096 1097 1098
1097 580 1098
1098 580 579
693 656 712
712 656 655
578 1099 577
577 1099 1100
1099 171 1100
1100 171 170
284 1101 103
103 1101 104
104 1102 100
100 1102 101
102 241 572
572 241 1103
241 243 1103
1103 243 1104
903 251 904
904 251 250
243 247 1104
1104 247 569
575 570 481
481 570 467
246 1105 249
249 1105 568
296 250 298
298 250 252
307 294 1106
1106 294 293
1106 1107 307
307 1107 310
1107 1108 310
310 1108 311
314 311 1109
1109 311 1108
1109 1110 314
314 1110 317
302 312 304
304 312 1111
312 319 1111
1111 319 1112
1110 906 317
317 906 325
908 1113 322
322 1113 321
1113 1112 321
321 1112 319
1114 1115 1116
1116 1115 1117
257 550 258
258 550 1118
550 547 1118
1118 547 1119
547 546 1119
1119 546 564
596 1120 540
540 1120 539
1121 1122 1123
1123 1122 1124
530 262 562
562 262 263
527 1 526
526 1 0
88 265 524
524 265 378
523 373 448
448 373 371
264 1125 49
49 1125 48
1048 961 1068
1068 961 960
270 1064 268
268 1064 1062
65 1126 64
64 1126 63
63 1127 62
62 1127 61
61 1128 60
60 1128 59
59 1129 57
57 1129 58
58 1130 55
55 1130 56
54 1131 50
50 1131 51
32 1132 31
31 1132 30
28 1133 27
27 1133 26
26 1134 20
20 1134 21
21 1135 22
22 1135 37
37 1136 35
35 1136 36
36 1137 17
17 1137 18
14 1138 15
15 1138 74
74 1139 73
73 1139 71
71 1140 72
72 1140 284
1141 1142 1143
1143 1142 1144
1143 1144 1145
1145 1144 1146
1145 1146 1147
1141 1143 1148
1148 1143 1149
1150 1151 1152
1153 1154 1148
1148 1154 1155
1156 1157 1158
1155 1159 1160
1155 1160 1161
1155 1161 1162
1162 1161 1163
1161 1164 1163
1163 1164 1165
1163 1165 1166
1167 1168 1169
1166 1170 1171
1172 1169 1173
1171 1174 1175
1149 1143 1176
1176 1143 1177
1178 1179 1180
1181 1143 1182
1182 1143 1183
1184 1179 1185
1183 1186 1187
1187 1186 1188
1188 1186 1189
1190 1185 1191
1191 1185 1192
1175 1186 1171
1171 1186 1193
1193 1186 1194
1194 1186 1195
1195 1186 1196
1195 1196 1197
1197 1196 1198
1198 1196 1199
1199 1196 1200
1201 1202 1203
1204 1205 1199
1199 1205 1206
1207 1208 1209
1206 1210 1211
1210 1212 1211
1213 1214 1215
1211 1216 1217
1217 1216 1218
1217 1218 1219
1220 1221 1222
1219 1223 1224
1224 1223 1225
1224 1225 1226
1226 1225 1227
1226 1227 1228
1228 1229 1226
1226 1229 1230
1226 1230 1231
1231 1232 1226
1226 1232 1233
1226 1233 1234
1229 1235 1230
1230 1235 1236
1230 1236 1237
1237 1236 1238
1239 1240 1241
1238 1242 1243
1238 1243 1244
1244 1243 1245
1244 1245 1246
1238 1244 1247
1247 1244 1248
1248 1244 1249
1250 1251 1252
1202 1253 1254
1254 1253 1255
1255 1253 1256
1256 1253 1185
1257 1186 1258
1258 1186 1259
1260 1185 1261
1261 1185 1262
1246 1186 1244
1244 1186 1143
1244 1143 1263
1263 1143 1264
1263 1264 1265
1266 1267 1268
1263 1269 1270
1263 1270 1271
1271 1272 1263
1263 1272 1273
1263 1273 1274
1274 1244 1263
1269 1275 1270
1276 1277 1278
1270 1279 1280
1280 1279 1281
1279 1282 1281
1281 1282 1283
1281 1283 1284
1284 1283 1285
1284 1285 1286
1281 1284 1287
1287 1284 1288
1288 1284 1289
1289 1284 1290
1291 1179 1292
1293 1143 1294
1295 1179 1296
1297 1143 1298
1179 1299 1300
1300 1299 1301
1301 1299 1302
1302 1299 1303
1145 1304 1305
1305 1304 1306
1306 1304 1307
1307 1304 1308
1307 1308 1309
1309 1308 1310
1311 1312 1313
1314 1308 1315
1314 1315 1316
1316 1315 1317
1317 1315 1318
1318 1315 1286
1286 1315 1284
1284 1315 1319
1284 1319 1290
1290 1319 1320
1320 1319 1321
1321 1319 1322
1322 1319 1323
1323 1319 1324
1325 1326 1327
1328 1329 1323
1323 1329 1330
1330 1329 1331
1332 1333 1334
1331 1335 1336
1324 1319 1337
1337 1319 1338
1145 1147 1304
1304 1147 1339
1304 1339 1340
1304 1340 1308
1308 1340 1341
1308 1341 1342
1308 1342 1315
1315 1342 1343
1315 1343 1344
1344 1345 1315
1315 1345 1346
1315 1346 1347
1347 1348 1315
1315 1348 1349
1315 1349 1350
1351 1352 1353
1315 1354 1355
1315 1355 1319
1319 1355 1338
1338 1355 1356
1356 1355 1357
1357 1355 1358
1358 1355 1359
1360 1361 1362
1355 1363 1364
1355 1364 1365
1365 1366 1355
1355 1366 1367
1355 1367 1368
1368 1367 1369
1370 1371 1372
1368 1373 1374
1374 1373 1375
1374 1375 1376
1374 1376 1377
1378 1379 1380
1377 1381 1382
1382 1381 1383
1384 1385 1386
1382 1387 1388
1388 1387 1389
1390 1391 1392
1388 1393 1345
1345 1393 1346
1368 1394 1355
1355 1394 1395
1355 1395 1396
1396 1397 1355
1355 1397 1398
1355 1398 1359
1399 1400 1401
1402 1398 1403
1403 1398 1404
1397 1405 1398
1398 1405 1406
1398 1406 1404
1404 1406 1407
1407 1406 1408
1408 1406 1409
1410 1411 1412
1413 1409 1414
1413 1414 1415
1415 1414 1416
1414 1417 1416
1416 1417 1418
1417 1419 1418
1418 1419 1420
1419 1421 1420
1420 1421 1422
1422 1421 1423
1423 1421 1424
1423 1424 1425
1426 1427 1428
1423 1429 1430
1428 1431 1432
1433 1434 1423
1423 1434 1435
1423 1435 1436
1436 1435 1437
1437 1435 1438
1438 1435 1439
1439 1435 1440
1440 1435 1441
1442 1443 1444
1445 1446 1440
1440 1446 1447
1447 1446 1448
1448 1446 1449
1450 1451 1452
1443 1453 1454
1455 1435 1456
1456 1435 1457
1457 1435 1458
1457 1458 1459
1459 1458 1460
1459 1460 1461
1461 1460 1462
1461 1462 1463
1463 1462 1464
1463 1464 1465
1465 1464 1466
1464 1467 1466
1466 1467 1468
1468 1467 1469
1469 1467 1470
1469 1470 1471
1472 1473 1474
1470 1475 1476
1476 1475 1477
1477 1475 1478
1479 1480 1481
1479 1481 1482
1483 1484 1485
1483 1485 1486
1482 1487 1488
1488 1487 1489
1490 1491 1492
1492 1491 1493
1492 1493 1494
1494 1493 1495
1496 1497 1498
1499 1493 1448
1448 1493 1500
1500 1493 1501
1501 1493 1502
1502 1493 1234
1234 1493 1226
1226 1493 1503
1226 1503 1504
1504 1505 1226
1506 1507 1508
1226 1509 1510
1510 1511 1226
1226 1511 1224
1511 1512 1224
1224 1512 1513
1512 1514 1513
1513 1514 1515
1513 1515 1516
1517 1518 1519
1516 1520 1521
1516 1521 1522
1523 1524 1525
1522 1526 1527
1528 1525 1529
1527 1530 1531
1527 1531 1491
1491 1531 1532
1491 1532 1533
1491 1533 1493
1493 1533 1534
1493 1534 1535
1535 1536 1493
1493 1536 1537
1493 1537 1503
1538 1539 1428
1423 1540 1541
1423 1541 1542
1542 1331 1423
1423 1331 1336
1428 1543 1544
1545 1546 1423
1428 1547 1548
1549 1550 1453
1435 1551 1552
1435 1552 1553
1553 1554 1435
1435 1554 1555
1435 1555 1458
1458 1555 1556
1458 1556 1557
1557 1556 1558
1557 1558 1559
1560 1561 1562
1559 1563 1564
1559 1564 1565
1565 1564 1566
1565 1566 1567
1565 1567 1568
1569 1570 1571
1568 1572 1573
1568 1573 1574
1575 1576 1577
1574 1578 1421
1421 1578 1424
1579 1580 1581
1581 1580 1582
1582 1580 1583
1583 1580 1584
1585 1586 1587
1588 1584 1589
1584 1590 1589
1591 1592 1593
1594 1590 1595
1596 1597 1598
1590 1599 1600
1600 1599 1601
1601 1599 1602
1602 1599 1603
1602 1603 1604
1604 1603 1605
1603 1606 1605
1605 1606 1607
1607 1606 1608
1608 1606 1609
1608 1609 1610
1610 1609 1611
1612 1613 1614
1614 1613 1615
1615 1613 1616
1616 1613 1617
1616 1617 1618
1618 1617 1619
1617 1620 1619
1621 1622 1623
1623 1622 1624
1624 1622 1625
1624 1625 1626
1626 1625 1627
1625 1628 1627
1627 1628 1629
1629 1628 1630
1630 1628 1631
1630 1631 1632
1632 1631 1633
1631 1634 1633
1633 1634 1635
1635 1634 1636
1636 1634 1637
1636 1637 1638
1638 1637 1639
1637 1640 1639
1641 1642 1643
1644 1640 1645
1645 1640 1646
1647 1648 1649
1646 1650 1651
1652 1648 1653
1131 118 114
1131 114 51
1654 1655 1656
114 116 275
275 116 276
1657 1658 1659
1660 1661 1662
1660 1662 1663
1663 1662 1664
1662 1665 1664
1666 1667 1668
1669 1670 1671
1672 1665 1673
1672 1673 1674
1675 1676 1677
1678 1679 1680
1681 1682 1683
1683 1682 1684
1684 1682 1685
1684 1685 1686
1687 1688 1689
1690 1691 1692
1693 1685 1694
1695 1696 1697
1697 1696 1698
1696 1699 1698
1700 1701 1702
1702 1701 1703
1703 1701 1704
1703 1704 1705
1705 1704 1706
1704 1707 1706
1708 1709 1710
1710 1709 1711
1712 1707 1713
1711 1714 1715
1715 1714 1716
1714 1717 1716
1716 1717 1718
1718 1717 1719
1719 1717 1720
1721 1722 1723
1723 1722 1724
1722 1725 1724
1726 1727 1728
1728 1727 1729
1729 1727 1730
1729 1730 1731
1731 1730 1732
1733 1734 1735
1735 1734 1736
1736 1734 1737
1737 1734 1738
1739 1740 1741
1742 1738 1743
1738 1744 1743
1745 1746 1747
1748 1744 1749
1749 1744 1750
1751 1752 1753
1754 1750 1755
1756 1757 1758
1758 1757 1759
1759 1757 1760
1761 1762 1763
1761 1763 1764
1765 1766 1767
1763 1768 1769
1767 1770 1771
1771 1770 1772
1773 1768 1774
1768 1775 1774
1774 1775 1776
1776 1775 1777
1778 1779 1780
1781 1782 1783
1784 1785 1786
1785 1787 1786
1786 1787 1788
1105 296 568
568 296 295
1789 1790 1791
75 295 99
295 5 99
1792 1793 1794
1579 1581 1795
1796 1797 1798
1798 1797 1799
1797 1800 1799
1799 1800 1801
1800 1802 1801
1801 1802 1803
1802 1804 1803
1803 1804 1805
1805 1804 1806
1806 1804 1807
1806 1807 1808
1808 1807 1809
1808 1809 1810
1810 1809 1811
1810 1811 1812
1812 1811 1813
1812 1813 1814
1814 1813 1815
1814 1815 1816
1816 1815 1817
1816 1817 1818
1818 1817 1819
1818 1819 1820
1820 1819 1821
1819 1822 1821
1821 1822 1823
1822 1824 1823
1823 1824 1825
1824 1826 1825
1825 1826 1827
1826 1828 1827
1827 1828 1829
1828 1830 1829
1829 1830 1831
1830 1832 1831
1831 1832 1833
1832 1834 1833
1833 1834 1835
1835 1834 1836
1836 1834 1837
1836 1837 1838
1838 1837 1839
1838 1839 1840
1840 1839 1841
1840 1841 1842
1842 1841 1843
1842 1843 1844
1844 1843 1845
1844 1845 1846
1846 1845 1847
1846 1847 1848
1848 1847 1849
1848 1849 1850
1850 1849 1851
1850 1851 1852
1852 1851 1853
1851 1854 1853
1853 1854 1855
1854 1856 1855
1855 1856 1857
1856 1858 1857
1857 1858 1859
1858 1860 1859
1859 1860 1861
1860 1862 1861
1861 1862 1863
1862 1864 1863
1863 1864 1865
1864 1866 1865
1865 1866 1867
1867 1866 1868
1868 1866 1869
1868 1869 1870
1870 1869 1871
1870 1871 1872
1872 1871 1873
1872 1873 1874
1874 1873 1875
1874 1875 1876
1876 1875 1877
1876 1877 1878
1878 1877 1879
1878 1879 1880
1880 1879 1881
1880 1881 1882
1882 1881 1883
1881 1884 1883
1883 1884 1885
1884 1886 1885
1885 1886 1887
1886 1888 1887
1887 1888 1889
1888 1796 1889
1889 1796 1798