0 1 2
3 4 5
6 5 4
4 7 6
8 9 10
11 12 13
14 13 12
12 15 14
16 14 15
17 18 19
19 20 17
21 22 23
24 23 22
22 25 24
25 26 27
26 28 29
30 29 28
28 31 30
32 30 31
33 34 35
36 37 38
39 40 41
41 42 39
43 39 42
42 44 43
44 45 46
47 46 45
45 48 47
49 47 48
48 50 49
51 49 50
50 52 51
53 51 52
52 54 53
55 53 54
54 56 55
56 57 58
59 58 57
57 60 59
61 59 60
62 63 64
64 65 62
65 64 66
67 65 66
68 69 70
70 71 68
72 68 71
73 72 74
74 75 73
76 73 75
77 78 79
80 79 78
81 82 83
84 85 86
87 84 88
89 87 90
90 91 89
91 92 93
94 93 92
95 94 96
96 97 95
67 98 99
65 67 100
101 102 103
102 104 103
104 105 103
101 103 105
106 101 105
104 106 105
106 104 107
108 107 104
104 109 108
110 111 112
113 110 114
114 115 113
116 113 115
117 116 118
118 119 117
120 121 122
121 123 124
125 124 123
126 127 128
129 130 131
132 129 133
134 132 135
135 136 134
137 134 136
138 137 139
140 138 141
142 143 144
145 146 143
138 140 147
137 138 148
148 149 137
134 137 149
132 134 150
150 151 132
129 132 151
151 152 129
130 129 152
153 154 128
154 155 125
124 125 155
155 156 124
156 157 122
116 117 158
158 159 116
113 116 159
159 160 113
110 113 160
160 161 110
111 110 161
161 162 111
162 163 108
107 108 163
164 165 107
166 167 168
166 169 167
170 171 172
171 170 173
174 171 173
175 174 176
177 175 178
179 177 180
181 179 182
182 183 181
184 185 186
185 187 188
189 188 187
190 189 191
192 193 194
193 195 196
197 196 195
198 197 199
200 198 201
201 202 200
203 204 205
205 206 203
207 203 206
206 208 207
208 209 167
210 209 211
209 208 212
213 212 208
208 206 213
214 213 206
206 205 214
215 214 205
216 215 202
202 201 216
217 216 201
195 193 218
219 218 193
193 192 219
220 219 192
221 222 187
187 185 221
185 184 223
224 223 184
225 224 183
183 182 225
226 225 182
227 226 180
173 228 229
230 229 228
230 231 229
232 233 227
226 227 233
233 234 226
225 226 234
234 235 225
224 225 235
235 236 224
223 224 236
236 237 223
237 238 221
222 221 238
239 240 220
219 220 240
240 241 219
218 219 241
242 243 217
216 217 243
215 216 244
214 215 245
245 246 214
213 214 246
212 213 247
248 249 211
250 248 211
248 251 252
251 253 254
251 248 253
248 250 255
256 257 246
246 245 256
258 256 245
259 258 244
260 259 243
243 242 260
261 260 242
262 263 241
241 240 262
264 262 240
240 239 264
265 264 239
266 265 238
238 237 266
267 266 237
237 236 267
236 235 268
269 268 235
235 234 269
270 269 234
234 233 270
233 232 271
272 271 232
231 273 272
228 173 274
173 170 274
171 275 172
275 171 276
171 174 277
174 175 278
279 278 175
175 177 279
280 279 177
177 179 280
281 280 179
179 181 281
282 283 284
285 286 188
188 189 285
189 190 287
288 289 194
196 197 290
197 198 291
292 291 198
198 200 292
293 292 200
204 203 294
203 207 295
296 297 298
164 296 298
296 164 169
163 162 294
162 161 293
292 293 161
161 160 292
291 292 160
160 159 291
159 158 290
289 288 299
157 156 287
156 155 285
286 285 155
155 154 286
154 153 282
283 282 153
152 151 281
280 281 151
151 150 280
279 280 150
278 279 149
149 148 278
146 300 276
275 276 300
301 302 303
304 305 306
307 305 304
308 307 304
306 308 304
309 308 306
305 309 306
309 305 310
311 310 305
305 312 311
312 313 314
313 315 316
317 316 315
315 318 317
319 317 318
320 319 321
321 322 320
322 323 324
325 324 323
323 326 325
327 325 326
326 328 327
329 327 328
328 330 329
330 331 332
331 333 334
335 336 337
337 338 335
339 335 338
340 341 342
343 342 341
341 344 343
345 343 344
344 346 345
347 345 346
348 349 347
345 347 349
343 345 350
350 351 343
342 343 351
335 339 352
352 353 335
336 335 353
354 355 329
327 329 355
355 356 327
325 327 356
356 357 325
324 325 357
358 359 320
319 320 359
317 319 360
316 317 361
361 362 316
363 364 311
310 311 364
365 366 310
364 365 310
367 368 369
365 367 369
367 365 370
371 370 365
365 364 371
372 371 364
364 363 372
373 372 363
374 373 362
362 361 374
375 374 361
376 377 359
359 358 376
378 379 357
357 356 378
380 378 356
356 355 380
355 354 381
382 381 354
383 382 384
353 352 385
386 387 388
389 386 351
351 350 389
349 390 391
391 390 392
393 391 392
348 347 394
395 394 347
346 395 347
396 397 395
398 396 395
395 346 398
399 398 346
346 344 399
344 341 400
341 340 401
402 403 338
338 337 402
404 405 333
333 331 404
406 404 331
331 330 406
330 328 407
328 326 408
409 408 326
326 323 409
323 322 410
322 321 411
412 413 318
318 315 412
414 412 315
315 313 414
415 414 313
313 312 415
312 305 416
305 307 416
416 307 417
418 416 417
418 302 416
302 301 415
414 415 301
301 419 414
412 414 419
419 420 412
413 412 420
421 422 411
422 423 410
423 424 409
408 409 424
425 426 406
404 406 426
426 427 404
405 404 427
403 402 428
428 429 403
430 431 399
398 399 431
396 398 432
432 433 396
434 396 433
434 433 435
436 435 433
437 436 433
433 432 437
438 437 432
439 438 431
431 430 439
440 441 429
429 428 440
442 440 428
443 444 427
427 426 443
445 443 426
426 425 445
446 445 425
447 448 424
424 423 447
423 422 449
450 449 422
422 421 450
451 452 420
420 419 451
453 451 419
419 301 453
454 455 456
457 458 454
455 454 458
455 458 459
460 455 459
461 303 462
458 461 459
303 461 458
458 457 453
451 453 457
452 451 463
449 450 464
448 447 465
445 446 466
466 467 445
443 445 467
444 443 468
468 469 444
469 470 442
440 442 470
441 440 471
471 472 441
472 473 474
438 439 475
437 438 476
476 477 437
436 437 477
478 479 436
479 478 480
478 481 480
481 478 482
483 482 478
477 476 484
485 484 476
486 485 475
487 486 473
473 472 487
472 471 488
489 490 470
470 469 489
491 489 469
469 468 491
492 491 468
467 466 493
494 493 466
495 496 497
454 498 457
499 500 501
500 499 502
503 502 499
504 505 506
507 506 505
508 509 510
511 510 509
509 512 511
513 514 515
516 517 518
518 519 516
520 516 519
519 521 520
522 520 521
523 524 525
526 525 524
524 527 526
528 526 527
527 529 528
530 528 529
529 531 530
532 530 531
531 533 532
534 532 533
535 534 536
536 537 535
538 535 537
499 538 503
499 539 540
538 499 540
540 541 538
535 538 541
534 535 542
542 543 534
532 534 543
530 532 544
528 530 545
526 528 546
525 526 547
547 548 525
548 549 522
520 522 549
549 550 520
516 520 550
517 516 551
514 513 552
553 554 511
510 511 554
555 556 507
506 507 556
556 557 506
558 506 557
505 559 560
560 561 508
509 508 561
512 509 562
562 563 512
563 564 515
519 518 565
565 566 519
521 519 566
566 567 521
524 523 568
527 524 569
569 570 527
529 527 570
570 571 529
531 529 571
571 572 531
533 531 572
572 573 533
573 574 536
537 536 574
574 575 537
575 576 503
502 503 576
577 578 579
579 580 577
579 502 580
576 580 502
580 576 581
576 575 582
583 582 575
575 574 583
584 583 574
574 573 584
573 572 585
586 585 572
572 571 586
571 570 587
570 569 588
589 588 569
590 589 568
567 566 591
592 591 566
566 565 592
593 592 565
594 593 595
596 594 597
598 596 564
564 563 598
563 562 599
600 599 562
561 560 601
602 601 560
560 559 602
601 602 603
604 601 603
601 604 605
599 600 606
596 598 607
607 608 596
594 596 608
608 609 594
593 594 609
609 610 593
592 593 610
610 611 592
591 592 611
612 613 590
589 590 613
613 614 589
588 589 614
614 615 588
615 616 587
616 617 586
585 586 617
618 619 584
583 584 619
619 620 583
582 583 620
620 621 582
622 623 624
625 624 623
625 623 626
623 627 626
454 627 623
498 454 623
623 622 498
621 620 628
620 619 495
496 495 619
619 618 496
617 616 494
493 494 616
616 615 493
615 614 492
491 492 614
614 613 491
489 491 613
613 612 489
490 489 612
611 610 488
610 609 487
486 487 609
609 608 486
485 486 608
608 607 485
484 485 607
482 483 606
605 629 482
481 482 629
144 630 142
631 630 144
632 633 141
634 635 136
136 135 634
636 634 135
637 636 133
638 637 131
639 638 127
127 126 639
640 641 123
123 121 640
642 640 121
121 120 642
643 642 120
644 643 119
119 118 644
645 646 115
115 114 645
647 645 114
648 647 112
109 104 649
104 102 649
650 651 649
647 648 100
645 647 99
646 645 652
97 96 644
643 644 96
642 643 92
92 91 642
640 642 91
91 90 640
641 640 90
638 639 86
637 638 82
82 81 637
636 637 81
634 636 78
78 77 634
635 634 77
75 74 632
633 632 74
71 70 653
654 631 655
654 655 656
655 657 656
657 655 658
69 658 655
659 660 658
658 69 659
69 68 661
662 661 68
68 72 662
72 73 663
664 663 73
73 76 664
665 664 76
79 80 666
667 666 80
668 667 83
669 668 85
85 84 669
670 669 84
84 87 670
87 89 671
672 671 89
93 94 673
94 95 674
675 674 95
676 675 677
98 67 678
679 680 66
680 679 681
679 61 681
682 61 679
63 682 64
61 682 63
59 61 63
58 59 683
684 685 55
53 55 685
685 686 53
51 53 686
49 51 687
47 49 688
688 689 47
46 47 689
689 690 46
690 691 43
39 43 691
40 39 692
693 694 695
694 696 697
698 697 696
696 699 698
700 698 699
701 700 702
702 703 701
704 701 703
705 704 706
706 707 705
708 705 707
709 708 710
710 711 709
712 713 714
714 715 712
713 712 692
691 690 709
708 709 690
690 689 708
705 708 689
689 688 705
704 705 688
701 704 687
700 701 686
686 685 700
698 700 685
685 684 698
697 698 684
63 62 695
716 695 62
65 716 62
651 716 65
716 651 717
695 716 717
693 695 717
717 651 693
651 650 693
694 693 650
102 101 694
696 694 101
101 718 696
699 696 718
718 719 699
703 702 720
721 722 706
707 706 722
722 723 707
723 724 710
711 710 724
724 725 711
715 714 726
726 727 715
728 729 730
731 728 727
727 726 731
732 731 726
725 724 733
724 723 734
723 722 735
722 721 736
737 736 721
738 737 720
739 738 719
719 718 739
740 739 718
718 101 740
101 106 740
740 106 741
106 107 741
107 165 741
740 741 165
742 740 165
165 164 742
164 298 742
297 742 298
740 742 297
739 740 297
738 739 743
737 738 744
736 737 745
745 746 736
746 747 735
747 748 734
748 749 733
749 750 732
731 732 750
750 751 731
728 731 751
751 752 728
729 728 752
753 754 755
756 757 758
759 760 761
762 759 761
763 764 765
766 765 764
764 767 766
768 769 770
771 770 769
769 772 771
773 771 772
774 775 776
777 776 775
778 756 779
754 753 779
753 780 777
776 777 780
780 781 776
781 782 773
771 773 782
782 783 771
770 771 783
783 784 770
785 786 766
765 766 786
786 787 765
759 762 788
789 759 790
788 790 759
791 792 790
790 788 793
794 795 787
787 786 794
796 794 786
786 785 796
797 798 784
784 783 797
799 797 783
783 782 799
782 781 800
781 780 801
780 753 802
752 751 801
751 750 800
750 749 799
797 799 749
749 748 797
798 797 748
748 747 798
747 746 796
794 796 746
746 745 794
795 794 745
803 791 297
297 296 803
791 803 166
167 792 168
209 792 167
792 209 804
790 792 804
789 790 804
804 209 789
209 210 789
759 789 210
759 210 805
210 211 805
211 249 805
759 805 249
760 759 249
249 248 760
248 252 760
254 761 251
761 254 38
764 763 806
767 764 807
807 808 767
808 809 768
769 768 809
809 810 769
772 769 810
810 811 772
811 812 774
775 774 812
756 778 813
813 814 756
757 756 814
814 815 757
815 814 816
817 816 814
814 813 817
818 817 813
812 811 819
820 819 811
811 810 820
821 820 810
810 809 821
822 821 809
809 808 822
808 807 823
824 37 825
824 826 37
827 828 823
828 829 822
821 822 829
829 830 821
820 821 830
830 831 820
819 820 831
832 833 818
817 818 833
816 817 834
834 835 816
835 836 837
838 839 840
841 842 840
838 840 842
839 838 843
844 839 843
845 846 847
845 847 848
849 850 851
852 853 854
854 855 852
856 852 855
855 857 856
857 858 859
860 859 858
858 861 860
862 860 861
861 863 862
864 862 863
863 865 864
866 864 865
865 867 866
868 866 867
869 868 867
868 869 870
871 872 873
874 875 876
875 877 878
879 878 877
880 879 881
881 882 880
882 883 884
885 886 887
887 888 885
889 885 888
888 890 889
891 892 893
894 891 895
895 896 894
897 894 896
896 898 897
899 897 898
898 900 899
901 899 900
900 902 901
902 903 904
905 904 903
903 906 905
906 907 908
909 908 907
907 910 909
911 912 913
912 911 914
915 914 911
916 917 918
918 919 916
918 914 919
914 915 920
921 920 915
922 921 923
924 925 926
927 924 928
928 929 927
930 927 929
931 930 932
932 933 931
934 935 936
936 937 934
938 939 940
941 940 939
939 942 941
943 941 942
944 945 946
947 946 945
948 947 949
950 948 951
948 950 952
953 948 952
953 954 948
947 948 954
946 947 955
955 956 946
956 957 943
941 943 957
957 958 941
940 941 958
958 959 940
959 960 961
962 963 934
935 934 963
963 964 935
964 965 931
930 931 965
927 930 966
966 967 927
924 927 967
967 968 924
925 924 968
968 969 925
970 971 922
921 922 971
971 972 921
920 921 972
973 974 975
973 976 974
977 974 976
978 979 972
972 971 978
980 978 971
971 970 980
981 980 970
969 968 982
968 967 983
967 966 984
985 984 966
986 985 965
965 964 986
987 986 964
964 963 987
963 962 988
989 988 962
960 959 990
991 990 959
959 958 991
958 957 992
957 956 993
956 955 994
954 995 996
951 997 950
998 997 951
999 998 951
1000 1001 945
945 944 1000
1002 1000 944
942 939 1003
939 938 1004
1005 1004 938
1006 1005 1007
1008 1006 937
937 936 1008
1009 1008 936
933 932 1010
1011 1010 932
1012 1011 929
929 928 1012
1013 1012 928
1014 1013 926
1015 1014 1016
911 1017 915
911 1018 1019
1017 911 1019
1020 1021 1022
1021 1023 1015
1014 1015 1023
1013 1014 1024
1024 1025 1013
1012 1013 1025
1011 1012 1026
1010 1011 1027
1027 1028 1010
1008 1009 1029
1029 1030 1008
1006 1008 1030
1005 1006 1031
1004 1005 1032
1032 1033 1004
1033 1034 1003
1034 1035 1002
1000 1002 1035
1001 1000 1036
1036 1037 1001
998 999 1038
1039 998 1040
1039 1040 1041
1040 1042 1041
1042 1040 1043
1044 1043 1040
1045 1046 1037
1037 1036 1045
1047 1045 1036
1035 1034 1048
1034 1033 1049
1050 1049 1033
1033 1032 1050
1051 1050 1032
1052 1051 1031
1053 1052 1030
1030 1029 1053
1054 1053 1029
1055 1054 1028
1028 1027 1055
1025 1024 1056
1057 1056 1024
1058 1057 1023
1023 1021 1058
1059 1058 1021
1021 1020 1059
1060 1061 1019
1062 1063 1064
1065 1062 1064
1060 1062 1065
1061 1060 1065
1064 1061 1065
1063 1061 1064
1061 1063 1066
1066 1067 1059
1058 1059 1067
1067 1068 1058
1057 1058 1068
1056 1057 1069
1069 1070 1056
1070 1071 1072
1071 1073 1074
1073 1075 1055
1054 1055 1075
1075 1076 1054
1053 1054 1076
1076 1077 1053
1052 1053 1077
1051 1052 1078
1050 1051 1079
1049 1050 1080
1081 1082 1048
1082 1083 1047
1045 1047 1083
1083 1084 1045
1046 1045 1084
1084 1085 1046
1085 1086 1044
1043 1044 1086
1086 1085 1087
1085 1084 1088
1089 1088 1084
1084 1083 1089
1083 1082 1090
1091 1090 1082
1082 1081 1091
1092 1093 1080
1094 1095 1077
1077 1076 1094
1096 1094 1076
1076 1075 1096
1097 1096 1075
1075 1073 1097
1098 1097 1073
1073 1071 1098
1099 1098 1071
1071 1070 1099
1100 1099 1070
1070 1069 1100
1101 1102 1068
1068 1067 1101
1103 1101 1067
1067 1066 1103
1104 1103 1066
1105 1106 1107
1108 1109 1110
1111 1108 1110
1110 1112 1111
1113 1111 1112
1112 1114 1113
1115 1113 1114
1116 1117 1118
1119 1120 1121
1121 1122 1119
1123 1119 1122
1124 1123 1125
1105 1124 1126
1126 1127 1105
1106 1105 1127
1127 1128 1106
1128 1127 1129
1130 1129 1127
1127 1126 1130
1122 1121 1131
1132 1131 1121
1114 1112 1133
1134 1133 1112
1112 1110 1134
1135 1134 1110
1110 1136 1135
1136 1103 1135
1103 1104 1135
1134 1135 1104
1063 1062 1134
1133 1134 1062
1137 1138 1139
1138 1140 1141
1142 1143 1132
1131 1132 1143
1144 1145 1146
1147 1148 1130
1129 1130 1148
1148 1149 1129
1150 1151 1152
1153 1154 1155
1156 1157 1158
1159 1158 1157
1157 1160 1159
1160 1161 1162
1163 1162 1161
1161 1164 1163
1165 1163 1164
1164 1166 1165
1167 1165 1166
1166 1168 1167
1169 1167 1168
1168 1170 1169
1171 1169 1170
1149 1148 1171
1169 1171 1148
1148 1147 1169
1167 1169 1147
1165 1167 1145
1145 1144 1165
1163 1165 1144
1162 1163 1143
1143 1142 1162
1158 1159 1140
1140 1138 1158
1138 1137 1172
1062 1060 1153
1153 1060 1173
1060 1019 1173
1019 1018 1173
1153 1173 1018
1154 1153 1018
1174 1155 912
912 914 1174
914 918 1174
917 1174 918
1155 1174 917
1157 1156 1175
1175 1176 1157
1160 1157 1176
1161 1160 1177
1177 1178 1161
1164 1161 1178
1178 1179 1164
1166 1164 1179
1168 1166 1180
1170 1168 1181
1181 1182 1170
1182 1183 1184
1151 1150 1185
1185 1186 1151
1187 1188 1189
1188 1187 1190
1187 1191 1192
1193 1192 1191
1194 1195 1196
1197 1198 1199
1200 1197 1201
1202 1200 1203
1203 1204 1202
1205 1202 1204
1206 1207 1208
1209 1208 1207
1210 1211 1212
1213 1210 1212
1212 1214 1213
1215 1213 1214
1216 1217 1218
1219 1218 1217
1220 1221 1222
1223 1224 1225
1224 1226 1227
1228 1227 1226
1226 1229 1228
1230 1228 1229
1231 1230 1232
1232 1233 1231
1233 1234 1235
1234 1236 1237
1236 1238 1239
1238 1240 1241
1242 1241 1240
1240 1243 1242
1243 1244 1245
1246 1245 1244
1244 1247 1246
1248 1246 1247
1248 1209 1249
1246 1248 1249
1250 1251 1252
1252 1246 1250
1246 1249 1250
1209 1250 1249
1251 1250 1209
1253 1251 1254
1255 1254 1251
1207 1206 1256
1257 1256 1206
1258 1257 1204
1204 1203 1258
1259 1260 1195
1195 1194 1259
1191 1187 1261
1186 1185 1261
1183 1182 1259
1260 1259 1182
1182 1181 1260
1179 1178 1258
1257 1258 1178
1178 1177 1257
1256 1257 1177
1176 1175 1255
1254 1255 1175
916 1254 917
1254 916 1262
919 1262 916
976 1262 919
1262 976 1263
1254 1262 1263
1253 1254 1263
1251 1253 973
975 1251 973
1252 1251 975
974 1252 975
1246 1252 974
1245 1246 974
974 977 1245
1241 1242 979
979 978 1241
978 980 1239
980 981 1237
1230 1231 983
1228 1230 984
984 985 1228
1227 1228 985
985 986 1227
986 987 1225
988 989 1264
990 991 1219
1218 1219 991
1213 1215 993
1210 1213 994
1265 1210 996
996 995 1265
1266 1267 1268
1267 1269 1268
1269 1267 1270
1267 1271 1272
1273 1274 1275
1276 1275 1274
1274 1277 1276
1278 1276 1277
1277 1279 1278
1280 1278 1279
1281 1280 1282
1283 1284 1285
1286 1285 1284
1284 1287 1286
1288 1286 1287
1287 1289 1288
1290 1288 1289
1291 1290 1292
1292 1293 1291
1294 1291 1293
1295 1296 1297
1297 1298 1295
1299 1295 1298
1300 1299 1301
1302 1303 1304
1305 1302 1306
1307 1302 1305
1308 1307 1305
1306 1308 1305
1309 1308 1306
1302 1309 1306
1309 1302 1310
1304 1310 1302
1311 1312 1313
1312 1311 1314
1315 1316 1317
1317 1318 1315
1317 1314 1318
1319 1318 1314
1320 1319 1321
1321 1322 1320
1323 1320 1322
1322 1324 1323
1325 1326 1327
1327 1328 1325
1329 1325 1328
1330 1329 1331
1331 1332 1330
1333 1334 1335
1336 1335 1334
1334 1337 1336
1338 1336 1337
1337 1339 1338
1340 1341 1342
1343 1342 1341
1341 1344 1343
1345 1346 1347
1347 1348 1345
1348 1349 1350
1351 1350 1349
1349 1352 1351
1353 1351 1352
1351 1354 1355
1350 1351 1355
1355 1356 1350
1356 1357 1345
1346 1345 1357
1342 1343 1358
1358 1359 1342
1360 1361 1338
1336 1338 1361
1361 1362 1336
1335 1336 1362
1363 1364 1330
1329 1330 1364
1325 1329 1365
1326 1325 1366
1367 1368 1323
1320 1323 1368
1368 1369 1320
1319 1320 1369
1369 1370 1319
1318 1319 1370
1371 1372 1373
1371 1374 1372
1375 1376 1377
1377 1378 1375
1379 1380 1381
1382 1381 1380
1380 1383 1382
1384 1382 1383
1385 1386 1387
1388 1389 1390
1390 1391 1388
1391 1392 1388
1393 1394 1395
1396 1393 1395
1397 1398 1399
1400 1401 1398
1398 1397 1400
1402 1400 1397
1403 1402 1404
1405 1406 1407
1406 1405 1408
1405 1409 1408
1409 1405 1410
1411 1412 1404
1399 1413 1414
1414 1415 1399
1416 1417 1411
1412 1411 1417
1418 1419 1420
1393 1396 1410
1409 1410 1396
1421 1422 1423
1424 1423 1422
1425 1391 1426
1391 1390 1427
1428 1427 1390
1429 1428 1430
1386 1385 1431
1383 1380 1432
1433 1432 1380
1380 1379 1433
1434 1433 1379
1378 1377 1435
1436 1435 1377
1437 1436 1438
1439 1440 1441
1442 1439 1441
1443 1442 1444
1444 1445 1443
1446 1443 1445
1447 1448 1449
1449 1450 1447
1451 1447 1450
1452 1453 1454
1455 1454 1453
1453 1456 1455
1457 1455 1456
1456 1458 1457
1459 1457 1458
1460 1461 1462
1463 1462 1461
1464 1465 1466
1467 1468 1469
1469 1470 1467
1470 1469 1464
1465 1464 1469
1468 1465 1469
1471 1472 1473
1474 1472 1475
1476 1477 1478
1479 1478 1477
1480 1479 1477
1477 1481 1480
1482 1480 1481
1481 1483 1482
1483 1484 1482
1484 1483 1485
1485 1474 1484
1474 1475 1484
1482 1484 1475
1472 1482 1475
1472 1471 1482
1480 1482 1471
1471 1486 1480
1479 1480 1486
1465 1468 1487
1487 1488 1465
1488 1463 1489
1490 1489 1491
1492 1491 1489
1493 1492 1461
1461 1460 1493
1436 1437 1458
1458 1456 1436
1435 1436 1456
1456 1453 1435
1453 1452 1434
1433 1434 1452
1432 1433 1494
1450 1449 1431
1428 1429 1495
1427 1428 1445
1445 1444 1427
1496 1426 1441
1441 1440 1496
1497 1498 1499
1500 1497 1499
1500 1439 1497
1501 1497 1439
1439 1442 1501
1502 1501 1442
1442 1443 1502
1503 1502 1443
1443 1446 1503
1504 1503 1446
1448 1447 1505
1506 1505 1447
1447 1451 1506
1507 1508 1509
1510 1507 1511
1512 1510 1454
1454 1455 1512
1513 1512 1455
1455 1457 1513
1514 1513 1457
1457 1459 1514
1515 1514 1459
1516 1515 1462
1462 1463 1516
1463 1488 1517
1518 1517 1488
1488 1487 1518
1519 1518 1487
1520 1519 1521
1522 1520 1486
1486 1471 1522
1471 1523 1522
1522 1523 1524
1525 1522 1524
1525 1526 1522
1520 1522 1526
1519 1520 1370
1370 1369 1519
1518 1519 1369
1369 1368 1518
1517 1518 1368
1368 1367 1517
1515 1516 1366
1514 1515 1365
1513 1514 1364
1364 1363 1513
1512 1513 1363
1510 1512 1527
1507 1510 1362
1362 1361 1507
1508 1507 1361
1361 1360 1508
1505 1506 1359
1359 1358 1505
1503 1504 1528
1502 1503 1529
1501 1502 1357
1357 1356 1501
1497 1501 1356
1356 1355 1497
1498 1497 1355
1355 1354 1498
1353 1352 1530
1531 1530 1352
1352 1349 1532
1533 1532 1349
1349 1348 1533
1348 1347 1534
1535 1536 1537
1538 1535 1344
1344 1341 1538
1341 1340 1539
1540 1539 1340
1541 1540 1339
1339 1337 1541
1337 1334 1542
1543 1542 1334
1334 1333 1543
1332 1331 1544
1328 1327 1545
1324 1322 1546
1322 1321 1547
1311 1547 1321
1311 1548 1310
1547 1311 1310
1310 1304 1547
1298 1297 1549
1293 1292 1543
1542 1543 1292
1289 1287 1541
1540 1541 1287
1287 1284 1540
1539 1540 1284
1284 1283 1539
1535 1538 1282
1536 1535 1279
1279 1277 1536
1277 1274 1534
1274 1273 1533
1532 1533 1273
1271 1267 1531
1267 1266 1531
1269 1270 1550
1551 1550 1270
1552 1553 1272
1554 1555 1275
1275 1276 1554
1556 1554 1276
1276 1278 1556
1557 1556 1278
1278 1280 1557
1558 1557 1280
1280 1281 1558
1559 1558 1281
1285 1286 1560
1561 1560 1286
1286 1288 1561
1562 1561 1288
1288 1290 1562
1290 1291 1563
1291 1294 1564
1565 1564 1294
1296 1295 1566
1567 1566 1295
1295 1299 1567
1568 1567 1299
1299 1300 1568
1303 1302 1569
1302 1307 1569
1569 1307 1570
1571 1569 1570
1571 910 1569
910 907 1572
907 906 1568
1567 1568 906
906 903 1567
1566 1567 903
903 902 1566
902 900 1565
1564 1565 900
900 898 1564
898 896 1563
896 895 1562
1561 1562 895
1560 1561 893
890 888 1559
1558 1559 888
888 887 1558
1557 1558 887
1556 1557 1573
1554 1556 1574
1555 1554 883
883 882 1555
882 881 1552
1553 1552 881
877 875 1551
875 1575 1551
874 876 1576
1212 1576 876
1214 1212 876
878 879 1216
1217 1216 879
879 880 1217
1221 1220 884
1224 1223 886
886 885 1224
1226 1224 885
885 889 1226
1229 1226 889
892 891 1232
1233 1232 891
891 894 1233
1234 1233 894
894 897 1234
1236 1234 897
897 899 1236
1238 1236 899
899 901 1238
1240 1238 901
1243 1240 904
904 905 1243
1244 1243 905
1247 1244 908
908 909 1247
909 1577 1247
1577 909 1578
1579 1248 1580
1209 1248 1579
1208 1209 1579
1579 1581 1208
1581 1582 1205
1202 1205 1582
1582 1583 1202
1200 1202 1583
1583 1584 1200
1197 1200 1584
1584 1585 1197
1198 1197 1585
1586 1587 1196
1587 1588 1193
1192 1193 1588
1588 1589 1192
1589 1590 1190
1590 1591 1592
1593 1594 1595
1596 1597 1598
1599 1600 1601
1601 1602 1599
1603 1599 1602
1602 1604 1603
1604 1605 1606
1607 1606 1605
1608 1607 1609
1609 1610 1608
1610 1611 1612
1613 1612 1611
1611 1614 1613
1615 1613 1614
1591 1590 1616
1590 1589 1615
1613 1615 1589
1589 1588 1613
1612 1613 1588
1588 1587 1612
1587 1586 1608
1607 1608 1586
1606 1607 1585
1585 1584 1606
1584 1583 1603
1599 1603 1583
1583 1582 1599
1600 1599 1582
1582 1581 1600
1581 1579 1598
1579 1578 1598
1617 1598 1578
909 1617 1578
910 1617 909
1617 910 1618
1598 1617 1618
1596 1598 1618
1618 910 1596
910 1571 1596
1307 1597 1570
1307 1308 1597
1308 1619 1601
1602 1601 1619
1619 1620 1602
1604 1602 1620
1605 1604 1621
1621 1622 1605
1622 1623 1609
1610 1609 1623
1623 1624 1610
1611 1610 1624
1614 1611 1625
1626 1627 1628
1627 1629 1593
1594 1593 1629
1630 1631 1632
1633 1634 1635
1636 1633 1635
1635 1637 1636
1638 1636 1637
1637 1639 1638
1640 1638 1639
1639 1641 1640
1642 1640 1641
1641 1643 1642
1643 1644 1645
1644 1646 1647
1648 1647 1646
1646 1649 1648
1650 1630 1651
1629 1627 1652
1627 1626 1653
1647 1648 1625
1624 1623 1645
1623 1622 1642
1640 1642 1622
1622 1621 1640
1638 1640 1621
1636 1638 1620
1620 1619 1636
1633 1636 1619
1619 1308 1633
1308 1309 1633
1633 1309 1654
1309 1310 1654
1310 1548 1654
1655 1635 1312
1312 1314 1655
1314 1317 1655
1316 1655 1317
1635 1655 1316
1637 1635 1316
1316 1656 1637
1639 1637 1656
1656 1657 1639
1641 1639 1657
1657 1658 1641
1643 1641 1658
1644 1643 1659
1659 1660 1644
1646 1644 1660
1649 1646 1661
1630 1650 1662
1662 1663 1630
1631 1630 1663
1664 1665 1666
1667 1668 1669
1669 1670 1667
1671 1672 1673
1673 1674 1671
1674 1675 1676
1675 1677 1678
1679 1678 1677
1677 1680 1679
1680 1681 1682
1683 1684 1685
1686 1683 1685
1687 1683 1688
1683 1686 1689
1690 1689 1686
1691 1690 1681
1681 1680 1691
1692 1691 1680
1680 1677 1692
1677 1675 1693
1694 1693 1675
1675 1674 1694
1674 1673 1695
1670 1669 1696
1697 1696 1669
1696 1697 1663
1663 1662 1696
1693 1694 1661
1660 1659 1692
1691 1692 1659
1690 1691 1658
1658 1657 1690
1689 1690 1657
1657 1656 1689
1656 1316 1688
1315 1688 1316
1688 1315 1698
1318 1698 1315
1526 1698 1318
1698 1526 1699
1688 1698 1699
1687 1688 1699
1699 1526 1687
1526 1525 1687
1683 1687 1525
1524 1683 1525
1523 1683 1524
1684 1683 1523
1523 1471 1684
1471 1473 1684
1685 1684 1473
1472 1685 1473
1472 1474 1685
1700 1701 1679
1678 1679 1701
1701 1702 1678
1702 1703 1676
1703 1704 1671
1672 1671 1704
1705 1706 1667
1668 1667 1706
1706 1707 1668
1707 1708 1664
1665 1664 1708
1708 1709 1665
1710 1711 1712
1713 1714 1715
1716 1717 1718
1719 1720 1721
1722 1719 1721
1723 1722 1724
1725 1726 1727
1728 1727 1726
1726 1729 1728
1730 1728 1729
1731 1730 1732
1733 1731 1734
1734 1735 1733
1736 1733 1735
1735 1737 1736
1737 1738 1739
1716 1739 1738
1717 1716 1740
1741 1742 1743
1744 1741 1743
1745 1746 1747
1745 1741 1746
1748 1746 1741
1741 1744 1748
1749 1748 1744
1744 1750 1749
1751 1752 1753
1754 1755 1756
1757 1756 1755
1755 1758 1757
1758 1759 1760
1761 1760 1759
1759 1762 1761
1763 1764 1765
1765 1766 1763
1767 1768 1769
1770 1767 1766
1766 1765 1770
1771 1770 1765
1762 1759 1772
1759 1758 1773
1758 1755 1774
1755 1754 1775
1776 1775 1754
1777 1776 1753
1778 1777 1750
1750 1744 1778
1743 1778 1744
1779 1780 1781
1779 1781 1782
1782 1783 1779
1784 1785 1786
1783 1782 1787
1788 1743 1789
1781 1788 1782
1743 1788 1781
1778 1743 1781
1777 1778 1790
1776 1777 1791
1775 1776 1792
1792 1793 1775
1793 1794 1774
1794 1795 1773
1795 1796 1772
1796 1797 1771
1770 1771 1797
1797 1798 1770
1767 1770 1798
1798 1799 1767
1768 1767 1799
1799 1798 1800
1798 1797 1801
1797 1796 1802
1803 1802 1796
1796 1795 1803
1804 1803 1795
1795 1794 1804
1794 1793 1805
1806 1805 1793
1793 1792 1806
1807 1806 1792
1808 1780 1809
1808 1810 1780
1810 1811 1812
1806 1807 1813
1813 1814 1806
1805 1806 1814
1814 1815 1805
1803 1804 1816
1816 1817 1803
1802 1803 1817
1817 1818 1802
1818 1819 1801
1819 1820 1800
1820 1821 1822
1821 1823 1824
1825 1826 1827
1828 1825 1827
1827 1829 1828
1830 1828 1829
1829 1831 1830
1832 1833 1834
1834 1835 1832
1836 1832 1835
1835 1837 1836
1838 1836 1837
1837 1839 1838
1840 1838 1839
1839 1841 1840
1842 1840 1841
1841 1843 1842
1844 1842 1843
1843 1845 1844
1846 1847 1848
1847 1846 1849
1850 1851 1852
1848 1847 1853
1854 1848 1853
1851 1848 1854
1851 1850 1848
1850 1855 1848
1855 1856 1857
1856 1858 1859
1858 1860 1844
1842 1844 1860
1860 1861 1842
1840 1842 1861
1861 1862 1840
1838 1840 1862
1836 1838 1863
1832 1836 1864
1833 1832 1865
1865 1866 1833
1866 1867 1830
1828 1830 1867
1867 1868 1828
1825 1828 1868
1869 1825 1870
1871 1872 1870
1873 1874 1868
1868 1867 1873
1875 1873 1867
1867 1866 1875
1866 1865 1876
1877 1876 1865
1878 1879 1862
1862 1861 1878
1861 1860 1880
1881 1880 1860
1860 1858 1881
1858 1856 1882
1856 1855 1883
1884 1883 1855
1855 1850 1884
1885 1884 1850
1886 1885 1850
1885 1886 1887
1885 1887 1888
1889 1885 1888
1890 1889 1891
1885 1889 1890
1884 1885 1892
1883 1884 1893
1893 1894 1883
1894 1895 1882
1895 1896 1881
1880 1881 1896
1896 1897 1880
1879 1878 1898
1898 1899 1879
1899 1900 1901
1900 1902 1877
1876 1877 1902
1902 1903 1876
1903 1904 1875
1873 1875 1904
1874 1873 1905
1906 1907 1871
1908 1871 1907
1871 1908 1909
1908 1910 1909
1910 1911 1909
1871 1909 1911
1872 1871 1911
1910 1872 1911
1912 1913 1914
1915 1914 1913
1916 1917 1918
1919 1920 1921
1920 1922 1923
1924 1923 1922
1925 1926 1927
1928 1927 1926
1926 1929 1928
1929 1930 1931
1932 1933 1934
1930 1929 1935
1936 1935 1929
1929 1926 1936
1926 1925 1937
1938 1937 1925
1922 1920 1939
1919 1939 1920
1940 1941 1942
1943 1944 1945
1946 1947 1948
1949 1946 1950
1950 1951 1949
1951 1952 1953
1954 1953 1952
1952 1955 1954
1956 1954 1955
1955 1957 1956
1957 1958 1959
1960 1959 1958
1940 1961 1962
1962 1963 1940
1941 1940 1963
1963 1964 1941
1965 1966 1967
1968 1969 1970
1971 1972 1973
1972 1974 1975
1976 1975 1974
1974 1977 1976
1978 1976 1977
1977 1979 1978
1980 1978 1979
1981 1982 1983
1984 1983 1982
1985 1984 1986
1986 1965 1985
1964 1963 1985
1984 1985 1963
1963 1962 1984
1983 1984 1962
1958 1957 1980
1978 1980 1957
1957 1955 1978
1976 1978 1955
1955 1952 1976
1975 1976 1952
1952 1951 1975
1951 1950 1973
1987 1970 1945
1945 1988 1987
1988 1939 1987
1939 1919 1987
1920 1968 1921
1989 1968 1920
1916 1990 1991
1916 1992 1990
1989 1990 1992
1993 1989 1992
1968 1989 1993
1969 1968 1993
1992 1969 1993
1992 1916 1969
1972 1971 1994
1974 1972 1995
1995 1996 1974
1977 1974 1996
1996 1997 1977
1979 1977 1997
1998 1999 2000
1999 2001 1981
1982 1981 2001
2001 2002 1982
2002 2003 1986
1965 1986 2003
2003 2004 1965
1966 1965 2004
2005 2006 2007
2008 2005 2004
2004 2003 2008
2009 2008 2003
2003 2002 2009
2010 2009 2002
2002 2001 2010
2011 2010 2001
2001 1999 2011
1999 1998 2012
2013 2012 1998
1997 1996 2014
2015 2014 1996
1996 1995 2015
2016 2015 1995
1918 2016 1994
2017 2018 2019
2019 1918 2017
1918 2019 1914
2016 1918 1914
1914 1915 2016
2015 2016 1915
1915 2020 2015
2014 2015 2020
2012 2013 2021
2010 2011 2022
2022 2023 2010
2009 2010 2023
2008 2009 2024
2005 2008 2025
2025 2026 2005
2006 2005 2026
2026 2027 2006
2027 2026 2028
2029 2028 2026
2026 2025 2029
2023 2022 2030
2031 2030 2022
2020 1915 2032
1913 2032 1915
2033 1913 2034
2033 2035 1913
2032 1913 2035
2036 2037 2038
2037 2039 2040
2041 2042 2031
2030 2031 2042
2043 2044 2045
2046 2047 2029
2028 2029 2047
2047 2048 2028
2048 2047 2049
2050 2049 2047
2047 2046 2050
2051 2050 2046
2052 2051 2044
2044 2043 2052
2053 2052 2043
2054 2053 2042
2042 2041 2054
2055 2056 2039
2039 2037 2055
2037 2036 2057
1872 1910 2035
1872 2035 2058
1870 1872 2058
1869 1870 2058
2058 2035 1869
2035 2033 1869
1913 1826 2034
1913 1912 1826
1827 1826 1912
2059 1827 1912
1912 1914 2059
1914 2019 2059
2018 2059 2019
1827 2059 2018
1829 1827 2018
1831 1829 2060
2060 2061 1831
2061 2062 1834
1835 1834 2062
2062 2063 1835
1837 1835 2063
2063 2064 1837
1839 1837 2064
2064 2065 1839
1841 1839 2065
1843 1841 2066
2066 2067 1843
1845 1843 2067
2067 2068 1845
2069 2070 1846
2070 2069 2071
2071 2069 2072
2073 2074 2075
2075 2076 2077
2078 2077 2076
2079 2080 2081
2082 2081 2080
2080 2083 2082
2083 2084 2085
2086 2087 2088
2088 2089 2086
2089 2090 2091
2092 2091 2090
2090 2093 2092
2093 2090 2094
2095 2092 2096
2069 2095 2072
2092 2095 2069
2091 2092 2068
2068 2067 2091
2067 2066 2086
2087 2086 2066
2065 2064 2085
2064 2063 2082
2081 2082 2063
2063 2062 2081
2062 2061 2078
2077 2078 2061
2061 2060 2077
2017 2073 2018
2073 2017 2097
2017 1918 2097
1918 1917 2097
1917 1916 2074
1916 1991 2074
2075 2074 1991
1990 2075 1991
1990 1989 2075
2076 2075 1989
1923 1924 2079
2080 2079 1924
2083 2080 2098
2084 2083 1927
1927 1928 2084
2089 2088 1931
2090 2089 1933
2099 2090 1933
1933 1932 2099
1934 2100 1932
2100 1934 2101
1934 2102 2101
2103 2102 1934
2104 2103 2105
2102 2103 2104
2106 2107 2108
2106 2109 2107
2109 2106 2110
2111 2112 2113
2112 2114 2115
2116 2115 2114
2114 2117 2116
2117 2118 2106
2110 2106 2118
2118 2117 2119
2117 2120 2121
2119 2117 2121
2122 2123 2124
2125 2122 2124
2126 2127 2128
2129 2128 2127
2130 2129 2131
2131 2132 2130
2133 2130 2132
2132 2122 2133
2122 2125 2134
2135 2134 2125
2134 2135 2120
2120 2117 2134
2117 2114 2133
2130 2133 2114
2114 2112 2130
2129 2130 2112
2112 2111 2129
2128 2129 2111
2136 2137 2128
2138 2137 2139
2137 2136 2139
2136 2140 2139
2138 2139 2140
2141 2138 2140
2136 2141 2140
2141 2136 2142
2143 2142 2136
2144 2145 2142
2142 2143 2146
2147 2148 2115
2115 2116 2147
2149 2147 2116
2108 2149 2106
2150 2149 2108
2105 2103 2150
2149 2150 2103
2147 2149 1935
1935 1936 2147
2148 2147 1936
1937 1938 2151
1988 2144 1939
2144 1988 2152
1988 1945 2152
1945 1944 2152
2144 2152 1944
2145 2144 1944
2142 2145 2153
2141 2142 2153
1943 2141 2153
2138 2141 1943
2154 2138 1943
1947 1946 2155
2156 2155 1946
1946 1949 2156
1953 1954 2157
2158 2157 1954
1954 1956 2158
2159 2158 1956
1959 1960 2160
2161 2160 1960
1961 1940 2162
1823 1821 2162
1821 1820 2161
2160 2161 1820
1820 1819 2160
1819 1818 2159
2158 2159 1818
1818 1817 2158
2157 2158 1817
1817 1816 2157
1815 1814 2156
2155 2156 1814
1814 1813 2155
2138 2154 1811
1811 1810 2138
2137 2138 1810
2137 1810 2163
2128 2137 2163
2126 2128 2163
1780 2164 1809
1780 1779 2164
1783 2164 1779
2127 2164 1783
2132 2131 2165
2122 2132 1786
2123 2122 2166
2166 2167 2123
2166 2168 2167
2166 2169 2168
2169 2166 2170
1785 2170 2166
1785 2171 2170
2172 2173 2174
2175 2172 2174
2176 2172 2175
2177 2178 2179
2180 2181 2172
2172 2176 2180
2176 2182 2180
2183 2180 2182
2184 2185 2183
2180 2183 2185
2181 2180 2185
2186 2177 2187
2188 2187 2177
2189 2190 2187
2191 2189 2187
2187 2188 2191
2192 2193 2185
2185 2184 2192
2193 2192 2194
2195 2193 2194
2193 2195 2171
2171 1785 2193
1785 1784 2191
2189 2191 1784
1789 2189 1787
2189 1789 2196
1789 1743 2196
1743 1742 2196
2189 2196 1742
2190 2189 1742
1742 1741 2190
1741 2197 2190
2187 2190 2197
2186 2187 2197
1741 2186 2197
1741 1745 2186
2177 2186 1745
1747 2177 1745
2178 2177 1747
1746 2178 1747
2198 2178 1746
1746 1748 2199
2200 2199 1748
1748 1749 2200
2201 2200 1749
2202 2201 1752
1752 1751 2202
2203 2202 1751
2204 2203 1756
1756 1757 2204
2205 2204 1757
2206 2205 1760
1760 1761 2206
2207 2208 1764
1764 1763 2207
2208 2207 1740
1738 1737 2206
2205 2206 1737
1737 1735 2205
2204 2205 1735
1735 1734 2204
2203 2204 1734
2202 2203 1732
2201 2202 1729
1729 1726 2201
2200 2201 1726
1726 1725 2200
2199 2200 1725
2209 2198 1721
1721 2210 2209
2198 2209 2211
2212 2198 2211
2178 2198 2212
2179 2178 2212
2211 2179 2212
2211 2213 2179
2213 1713 2172
2173 2172 1713
1713 1715 2173
2214 2215 2216
2215 2217 2218
2215 2214 2217
2219 2220 2214
2216 2219 2214
2220 2219 2221
2222 2223 2224
2225 2222 2224
2226 2227 2225
2224 2226 2225
2228 2226 2229
2226 2224 2230
2231 2230 2224
2230 2232 2233
2234 2235 2229
2233 2234 2229
2236 2237 2233
2234 2233 2237
2238 2234 2220
2220 2221 2238
2235 2234 2239
2226 2228 2240
2241 2226 2240
2227 2226 2241
2225 2227 2242
1714 2225 2242
1714 1713 2225
2222 2225 1713
1713 2213 2222
2210 2222 2213
2222 2210 2243
2222 2243 1720
2223 2222 1720
1720 1719 2223
1719 2244 2223
2224 2223 2244
2231 2224 2244
1719 2231 2244
2245 2231 1719
1719 1722 2246
2247 2246 1722
1722 1723 2247
2248 2247 1723
2249 2248 1727
1727 1728 2249
2250 2249 1728
1728 1730 2250
2251 2250 1730
1730 1731 2251
2252 2251 1731
1731 1733 2252
2253 2252 1733
1733 1736 2253
2254 2253 1736
2255 2254 1739
1739 1716 2255
1711 1710 2255
2254 2255 1710
1710 2256 2254
2253 2254 2256
2252 2253 2257
2257 2258 2252
2251 2252 2258
2250 2251 2259
2249 2250 2260
2260 2261 2249
2248 2249 2261
2247 2248 2262
2246 2247 2263
2264 2265 2245
2232 2245 2265
2232 2265 2266
2233 2232 2266
2236 2233 2266
2266 2265 2236
2265 2267 2236
2237 2236 2267
2268 2237 2267
2269 2237 2268
2267 2265 2270
2271 2270 2265
2265 2264 2271
2272 2271 2264
2261 2260 2273
2274 2273 2260
2275 2276 2258
2258 2257 2275
2277 2278 2256
2256 1710 2277
1709 1708 2277
2278 2277 1708
1708 1707 2278
1707 1706 2275
2276 2275 1706
1706 1705 2276
2273 2274 1704
1704 1703 2273
1703 1702 2279
1702 1701 2280
1701 1700 2272
2271 2272 1700
2270 2271 2281
1474 1485 2270
2269 2270 1485
1483 2269 1485
2237 2269 1483
1483 1481 2220
1481 1477 2217
1477 2282 2217
2218 2217 2282
2282 1477 2283
1477 1476 2283
1478 1479 2284
1479 2285 2284
872 871 2285
2285 1479 872
1468 2286 872
873 872 2286
2286 1468 2287
1468 1467 2287
1465 2288 1466
1465 2289 2288
2290 2291 2289
2289 1465 2290
1489 1490 2290
2292 2290 1490
2291 2290 2292
1492 2293 2294
2295 2293 1492
1492 1493 2295
1493 2296 2295
2297 2295 2296
2296 1493 2298
1374 2298 1493
2298 1374 2299
1374 2300 2299
1374 1371 2300
1372 2301 1373
1372 2302 2301
2302 1372 868
866 868 1376
1376 1375 866
864 866 1375
862 864 2303
860 862 1381
1381 1382 860
859 860 1382
1382 1384 859
852 856 1387
853 852 2304
1389 1388 851
2305 851 1388
1388 1392 2305
851 2305 2306
849 851 2306
850 2307 2308
2308 2309 854
855 854 2309
857 855 2310
2310 2311 857
858 857 2311
861 858 2312
2312 2313 861
863 861 2313
2313 2314 863
865 863 2314
867 865 2315
2315 2316 867
2317 867 2316
867 2317 2318
869 867 2318
2316 2315 2319
2315 2320 2321
2319 2315 2321
2322 2323 2324
2325 2322 2324
2322 2325 2320
2320 2315 2322
2314 2313 2326
2327 2326 2313
2313 2312 2327
2328 2327 2312
2329 2328 2311
2311 2310 2329
2330 2329 2310
2331 2330 2309
2309 2308 2331
2332 2331 2308
2308 2307 2332
1394 1393 2331
2330 2331 1393
2329 2330 1419
1419 1418 2329
2328 2329 1418
2327 2328 1417
1417 1416 2327
2326 2327 1416
2323 2322 1415
2323 1415 2333
2333 1415 2334
1415 1414 2334
1413 1399 2335
1399 1398 2335
1401 1400 2336
1400 2337 2338
2336 1400 2338
2339 2340 2341
2340 2342 2341
845 848 2342
2342 2340 845
2343 845 2340
2344 2345 2343
2346 2344 2347
2340 2339 2348
2349 2348 2339
2337 2348 2349
2337 1400 2348
1400 1402 2348
1402 1403 2350
1407 2351 2347
2346 2347 2351
1424 1422 2352
2343 2352 1422
845 2343 1422
1422 2353 845
846 845 2353
2353 1422 2354
1422 1421 2354
1423 2355 1421
2355 1423 2356
2356 1423 2357
1423 2358 2357
2358 2359 2357
839 844 2359
2359 2358 839
1043 2360 1042
2361 2360 1043
2360 2361 2362
2361 2363 2362
2363 2361 2364
2365 2366 2367
2368 2365 2367
2369 2370 2371
2372 2371 2370
2373 2372 2374
2374 2375 2373
2376 2373 2375
2377 2378 2379
2378 2380 2381
2382 2383 2384
2384 2385 2382
2386 2382 2385
2385 2387 2386
2388 2386 2387
2389 2390 2391
2392 2393 2394
2394 2395 2392
2396 2392 2395
2395 2397 2396
2398 2399 2400
2399 2401 2402
2402 2403 2404
2403 2405 2396
2392 2396 2405
2405 2406 2392
2393 2392 2406
2406 2407 2393
2390 2389 2408
2409 2410 2388
2386 2388 2410
2382 2386 2411
2383 2382 2412
2412 2413 2383
2413 2414 2381
2373 2376 2415
2372 2373 2416
2416 2417 2372
2371 2372 2417
2418 2419 2368
2365 2368 2419
2420 2365 2421
2422 2423 2424
2425 2426 2427
2428 2429 2430
2430 2431 2428
2432 2428 2431
2433 2432 2434
2434 2435 2433
2436 2433 2435
2437 2436 2438
2439 2440 2441
2442 2441 2440
2443 2442 2444
2444 2445 2443
2445 2446 2447
2448 2447 2446
2446 2449 2448
2450 2448 2449
2449 2451 2450
2452 2450 2451
2453 2452 2454
2454 2455 2453
2455 2456 2457
2456 2458 2459
2460 2459 2458
2458 2461 2460
2462 2460 2461
2463 2464 2465
2466 2463 2465
2467 2463 2468
2469 2468 2463
2463 2466 2469
2470 2469 2466
2471 2470 2461
2461 2458 2471
2458 2456 2472
2456 2455 2473
2455 2454 2474
2475 2474 2454
2476 2475 2451
2451 2449 2476
2449 2446 2477
2446 2445 2478
2445 2444 2479
2480 2479 2444
2481 2480 2440
2440 2439 2481
2482 2483 2438
2484 2482 2435
2435 2434 2484
2485 2484 2434
2431 2430 2486
2487 2486 2430
2488 2487 2427
2487 2488 2489
2488 2422 2489
2422 2424 2489
2487 2423 2421
2486 2487 2421
2419 2418 2485
2484 2485 2418
2482 2484 2490
2483 2482 2417
2417 2416 2483
2480 2481 2415
2479 2480 2491
2414 2413 2478
2413 2412 2477
2475 2476 2411
2474 2475 2410
2410 2409 2474
2407 2406 2471
2470 2471 2406
2406 2405 2470
2469 2470 2405
2405 2403 2469
2468 2469 2403
2403 2402 2468
2402 2492 2468
2467 2468 2492
2465 2464 2493
2493 2364 2465
2460 2462 2494
2459 2460 1087
1088 1089 2457
2452 2453 1090
1090 1091 2452
2450 2452 1091
2448 2450 1093
1093 1092 2448
2447 2448 1092
2442 2443 1095
1095 1094 2442
2441 2442 1094
1094 1096 2441
1096 1097 2437
2436 2437 1097
1097 1098 2436
2433 2436 1098
1098 1099 2433
2432 2433 1099
1099 1100 2432
2428 2432 1100
2429 2428 1102
1102 1101 2429
1101 1103 2425
1136 2425 1103
2425 1136 2495
1136 1110 2495
1110 1109 2495
1108 2488 2496
2422 2488 1108
1108 1111 2497
1111 1113 2498
2499 2498 1113
1113 1115 2499
2500 2499 1115
1117 1116 2501
2502 2501 1116
2503 2502 1120
1120 1119 2503
2504 2503 1119
1119 1123 2504
2505 2504 1123
1123 1124 2505
2506 2505 1124
1124 1105 2506
836 835 2506
2505 2506 835
835 834 2505
2504 2505 834
2503 2504 833
833 832 2503
2502 2503 832
2501 2502 2507
831 830 2500
2499 2500 830
830 829 2499
2498 2499 829
829 828 2498
828 827 2497
2423 2422 826
2423 826 2508
2421 2423 2508
2420 2421 2508
2365 2420 824
825 2365 824
2366 2365 825
37 2366 825
37 36 2366
253 2509 254
2367 2509 253
2370 2369 2510
257 256 2374
2375 2374 256
256 258 2375
258 259 2377
2378 2377 259
259 260 2378
2380 2378 260
260 261 2380
2385 2384 263
263 262 2385
2387 2385 262
262 264 2387
264 265 2511
265 266 2391
266 267 2512
2395 2394 268
268 269 2395
2397 2395 269
269 270 2397
271 272 2400
272 2513 2400
2398 2400 2513
2514 2515 2516
2517 2515 2514
2518 2515 2517
2519 2520 2521
2522 2523 2524
2525 2522 2524
2521 2520 2525
2522 2525 2520
2526 2522 2520
2527 2526 2520
2520 2519 2527
2526 2527 2528
2529 2526 2528
2530 2531 2526
2526 2529 2530
2532 2530 2529
2530 2532 2533
2530 2533 2534
2535 2530 2534
2536 2535 2534
2537 2535 2536
2516 2515 2537
2535 2537 2515
557 2538 558
2539 2538 557
557 556 2540
556 555 2541
554 553 2542
2543 2542 553
2544 2545 2546
2547 2548 551
2549 2547 550
550 549 2549
2550 2549 549
549 548 2550
548 547 2551
2552 2553 545
2554 2552 544
2555 2554 543
543 542 2555
2556 2557 541
541 540 2556
2558 2556 540
2559 2560 2561
2556 2562 2561
2557 2556 2561
2554 2555 2563
2563 2564 2554
2552 2554 2564
2564 2565 2552
2553 2552 2565
2566 2567 2568
2567 2569 2551
2569 2570 2550
2549 2550 2570
2547 2549 2571
2571 2572 2547
2548 2547 2572
2572 2573 2548
2573 2574 2544
2545 2544 2574
2575 2576 2543
2542 2543 2576
2576 2577 2542
2577 2578 2579
2578 2580 2541
2580 2581 2540
2582 2539 2583
2526 2531 2584
2584 2583 2526
2522 2526 2583
2585 2522 2581
2581 2580 2585
2580 2578 2586
2587 2586 2578
2578 2577 2587
2588 2587 2577
2577 2576 2588
2576 2575 2589
2574 2573 2590
2591 2590 2573
2573 2572 2591
2572 2571 2592
2593 2592 2571
2594 2593 2570
2570 2569 2594
2595 2594 2569
2569 2567 2595
2596 2595 2567
2567 2566 2596
2565 2564 2597
2598 2597 2564
2564 2563 2598
2599 2598 2563
2600 2601 2599
2598 2599 2601
2597 2598 2602
2595 2596 2603
2594 2595 2604
2604 2605 2594
2593 2594 2605
2592 2593 2606
2606 2607 2592
2590 2591 2608
2608 2609 2590
2610 2611 2588
2587 2588 2611
2611 2612 2587
2586 2587 2612
2613 2614 2585
2522 2585 2614
2523 2522 2614
2614 2615 2523
2614 2616 2615
34 2616 2614
2614 2613 34
2613 2617 34
35 34 2617
1890 1891 2618
2617 1890 2618
2617 2613 1890
2612 2611 1892
2611 2610 1893
1894 1893 2610
1895 1894 2619
1896 1895 2609
2609 2608 1896
1897 1896 2608
2607 2606 1898
1899 1898 2606
1900 1899 2605
2605 2604 1900
1902 1900 2604
1903 1902 2603
1904 1903 2620
1907 1906 2601
2601 2600 1907
2600 2621 1907
2621 2600 2622
2623 1908 2624
1910 1908 2623
2625 2626 2055
2056 2055 2626
2626 2627 2056
2627 2628 2054
2053 2054 2628
2628 2629 2053
2052 2053 2629
2629 2630 2052
2051 2052 2630
2630 2631 2051
2050 2051 2631
2631 2632 2050
2049 2050 2632
2633 2634 2635
2636 2637 2638
2639 2640 2641
2640 2642 2643
2644 2643 2642
2645 2646 2647
2648 2647 2646
2646 2649 2648
2650 2648 2649
2651 2652 2653
2653 2654 2651
2655 2651 2654
2634 2633 2656
2651 2655 2657
2652 2651 2632
2632 2631 2652
2631 2630 2658
2630 2629 2650
2648 2650 2629
2629 2628 2648
2647 2648 2628
2628 2627 2647
2627 2626 2644
2643 2644 2626
2626 2625 2643
2623 2622 2641
2659 2641 2622
2600 2659 2622
2560 2659 2600
2659 2560 2660
2641 2659 2660
2639 2641 2660
2640 2639 2559
2562 2661 2640
2642 2640 2661
2662 2663 2645
2646 2645 2663
2649 2646 2664
2664 2665 2649
2654 2653 2666
2666 2667 2654
2668 2669 2636
2637 2636 2669
2669 2670 2637
2671 2672 2673
2674 2675 2676
2677 2674 2676
2676 2678 2677
2678 2679 2680
2681 2680 2679
2679 2682 2681
2683 2681 2682
2682 2684 2683
2685 2683 2684
2684 2686 2685
2687 2685 2686
2688 2689 2690
2689 2691 2692
2693 2692 2691
2691 2694 2693
2694 2671 2695
2670 2669 2695
2669 2668 2693
2692 2693 2668
2667 2666 2690
2685 2687 2696
2683 2685 2697
2681 2683 2665
2665 2664 2681
2680 2681 2664
2663 2662 2677
2674 2677 2662
2661 2558 2674
2674 2558 2698
2558 540 2698
540 539 2698
2676 2675 501
500 2676 501
2699 2676 500
578 2699 579
2676 2699 578
2678 2676 578
2679 2678 2700
2700 2701 2679
2682 2679 2701
2701 2702 2682
2684 2682 2702
2686 2684 2703
2703 2704 2686
2704 2705 2688
2689 2688 2705
2691 2689 2706
2706 2707 2691
2694 2691 2707
2707 2708 2694
2671 2694 2708
2672 2671 2709
2709 2710 2672
2711 2712 2713
2714 2715 2716
2715 2717 2718
2719 2720 2721
2722 2723 2724
2723 2725 2726
2727 2726 2725
2725 2728 2727
2729 2727 2728
2730 2729 2731
2731 2732 2730
2733 2730 2732
2734 2735 2733
2732 2734 2733
2736 2734 2737
2734 2732 2738
2739 2738 2732
2732 2731 2739
2740 2739 2731
2741 2740 2728
2728 2725 2741
2725 2723 2742
2743 2742 2723
2723 2722 2743
2744 2743 2722
2745 2744 2721
2717 2715 2746
2715 2714 2747
2710 2709 2747
2708 2707 2745
2744 2745 2707
2707 2706 2744
2743 2744 2706
2742 2743 2705
2705 2704 2742
2704 2703 2741
2740 2741 2703
2739 2740 2702
2702 2701 2739
2738 2739 2701
2701 2700 2738
577 2737 578
2737 577 2748
580 2748 577
624 2748 580
2748 624 2749
2749 624 2736
624 625 2736
2734 2736 625
626 2734 625
627 2734 626
2735 2734 627
627 454 2735
454 456 2735
2733 2735 456
455 2733 456
455 460 2733
2730 2733 460
460 2750 2730
2729 2730 2750
2750 2751 2729
2727 2729 2751
2751 2752 2727
2726 2727 2752
2752 2753 2726
2753 2754 2724
2754 2755 2719
2720 2719 2755
2755 2756 2720
2757 2758 2711
2712 2711 2758
2758 2759 2712
2760 2761 2762
2763 2764 2765
2766 2765 2764
2767 2766 2768
2768 2769 2767
2770 2767 2769
2769 2771 2770
2771 2772 2773
2774 2773 2772
2775 2776 2777
2778 2779 2780
2780 2760 2778
2759 2758 2778
2779 2778 2758
2758 2757 2779
2756 2755 2777
2755 2754 2774
2773 2774 2754
2754 2753 2773
2753 2752 2770
2767 2770 2752
2752 2751 2767
2766 2767 2751
2751 2750 2766
2765 2766 2750
2750 460 2765
460 462 2765
2781 2765 462
303 2781 462
302 2781 303
2781 302 2782
2765 2781 2782
2763 2765 2782
2782 302 2763
302 418 2763
2764 2763 418
417 2764 418
307 2764 417
307 308 2764
308 2783 2768
2769 2768 2783
2771 2769 2784
2784 2785 2771
2772 2771 2785
2785 2786 2772
2786 2787 2775
2776 2775 2787
2787 2788 2776
2788 2789 2790
2791 2792 2780
2760 2780 2792
2761 2760 2793
2794 2795 2796
2797 2798 2792
2792 2791 2797
2799 2800 2789
2789 2788 2799
2788 2787 2801
2787 2786 2802
2803 2802 2786
2786 2785 2803
2785 2784 2804
2783 308 2805
308 309 2805
2805 309 2806
366 365 2807
365 369 2807
368 2807 369
2805 2807 368
2808 2809 2803
2802 2803 2809
2809 2810 2802
2810 2811 2801
2811 2812 2799
2800 2799 2812
2813 2814 2797
2798 2797 2814
2814 2815 2798
2815 2816 2794
2795 2794 2816
2816 2817 2795
2818 2819 2817
2817 2816 2818
2820 2818 2816
2816 2815 2820
2815 2814 2821
2822 2821 2814
2814 2813 2822
2823 2824 2812
2812 2811 2823
2811 2810 2825
2810 2809 2826
2809 2808 2827
2828 2827 2808
2829 2828 2830
2831 2829 368
368 367 2831
2832 2 2833
2832 370 2
370 371 2834
371 372 2835
372 373 32
30 32 373
373 374 30
29 30 374
374 375 29
377 376 24
23 24 376
379 378 2836
378 380 17
18 17 380
381 382 16
14 16 382
382 383 14
13 14 383
9 8 385
387 386 2837
386 389 6
5 6 389
391 393 5
3 5 393
435 436 2838
436 479 2838
658 2839 657
660 2839 658
2839 660 2840
660 2841 2840
2841 660 2842
660 659 2843
2844 2843 659
2845 2844 661
661 662 2845
2846 2845 662
2847 2846 663
663 664 2847
2848 2847 664
664 665 2848
2849 2848 665
2850 2849 666
666 667 2850
667 668 2851
2852 2851 668
668 669 2852
2853 2852 669
669 670 2853
2854 2855 671
671 672 2854
2856 2857 673
674 675 2858
2859 2858 675
675 676 2859
2860 2859 676
2859 2860 2861
2858 2859 2862
2863 2864 2856
2857 2856 2864
2864 2865 2857
2855 2854 2866
2866 2867 2855
2867 2868 2853
2852 2853 2868
2868 2869 2852
2851 2852 2869
2870 2871 2850
2849 2850 2871
2871 2872 2849
2848 2849 2872
2872 2873 2848
2847 2848 2873
2873 2874 2847
2846 2847 2874
2874 2875 2846
2845 2846 2875
2844 2845 2876
2876 2877 2844
2843 2844 2877
2877 2878 2843
2879 2842 2880
2880 2881 2879
4 2881 2880
7 4 2880
2878 2877 2882
2877 2876 10
12 11 2875
2875 2874 12
15 12 2874
2874 2873 15
2873 2872 2883
2872 2871 19
20 19 2871
2871 2870 20
22 21 2869
2869 2868 22
25 22 2868
2868 2867 25
26 25 2867
2867 2866 26
28 26 2866
31 28 2865
2865 2864 31
2864 2863 2884
1 0 2861
2885 1 2886
680 2885 2886
2885 680 2887
680 681 2887
61 2887 681
2888 2887 61
2889 2888 2890
2891 2890 2888
60 57 2892
57 56 2893
56 54 2894
2895 2894 54
54 52 2895
52 50 2896
50 48 2897
2898 2897 48
48 45 2898
45 44 2899
2900 2899 44
44 42 2900
2901 2900 42
42 41 2901
41 2902 2901
40 2902 41
2903 2902 40
2904 2902 2903
2905 2902 2904
730 2902 2905
729 2902 730
2906 2902 729
755 2902 2906
754 2902 755
758 2902 754
757 2902 758
815 2902 757
837 2902 815
836 2902 837
1107 2902 836
1106 2902 1107
1128 2902 1106
2907 2902 1128
2908 2902 2907
1152 2902 2908
1151 2902 1152
1186 2902 1151
1189 2902 1186
1188 2902 1189
1592 2902 1188
1591 2902 1592
1595 2902 1591
1594 2902 1595
2909 2902 1594
1632 2902 2909
1631 2902 1632
2910 2902 1631
2911 2902 2910
1666 2902 2911
1665 2902 1666
1709 2902 1665
1712 2902 1709
1711 2902 1712
1718 2902 1711
1717 2902 1718
2912 2902 1717
2913 2902 2912
2914 2902 2913
1769 2902 2914
1768 2902 1769
2915 2902 1768
1824 2902 2915
1823 2902 1824
1942 2902 1823
1941 2902 1942
1964 2902 1941
1967 2902 1964
1966 2902 1967
2007 2902 1966
2006 2902 2007
2027 2902 2006
2916 2902 2027
2917 2902 2916
2635 2902 2917
2634 2902 2635
2638 2902 2634
2637 2902 2638
2670 2902 2637
2673 2902 2670
2672 2902 2673
2710 2902 2672
2918 2902 2710
2713 2902 2918
2712 2902 2713
2759 2902 2712
2762 2902 2759
2761 2902 2762
2796 2902 2761
2795 2902 2796
2817 2902 2795
2819 2902 2817
2901 2902 2819
2900 2901 2819
2819 2818 2900
2899 2900 2818
2818 2820 2899
2897 2898 2821
2821 2822 2897
2824 2823 2895
2894 2895 2823
2827 2828 2891
2890 2891 2828
2828 2829 2890
2833 2890 2829
2890 2833 2919
2 2919 2833
1 2919 2
2919 1 2920
2890 2919 2920
2889 2890 2920
2920 1 2889
1 2885 2889
2888 2889 2885
2887 2888 2885
2921 2922 2923
2923 2922 2924
2923 2925 2921
2921 2925 2926
2925 2927 2926
2926 2927 2928
7 2837 6
6 2837 386
2837 7 2882
2882 7 2878
2882 9 2837
2837 9 387
9 2882 10
10 2882 2877
8 10 11
11 10 2876
11 13 8
8 13 2929
16 15 2883
2883 15 2873
2883 18 16
16 18 381
18 2883 19
19 2883 2872
20 2836 17
17 2836 378
2836 20 21
21 20 2870
21 23 2836
2836 23 379
25 27 24
24 27 377
26 29 27
27 29 375
32 31 2884
2884 31 2864
2884 2835 32
32 2835 372
2835 2884 2930
2930 2884 2863
2930 2834 2835
2835 2834 371
2834 2930 0
0 2930 2862
0 2 2834
2834 2 370
33 2931 34
34 2931 2616
2932 2933 2934
2934 2933 2935
2934 2936 2932
2932 2936 2937
37 806 38
38 806 763
44 46 43
43 46 690
56 58 55
55 58 684
69 655 70
70 655 631
72 71 74
74 71 633
76 75 77
77 75 635
77 79 76
76 79 665
80 78 81
81 78 636
81 83 80
80 83 667
82 85 83
83 85 668
85 82 86
86 82 638
84 86 88
88 86 639
87 88 90
90 88 641
91 93 89
89 93 672
94 92 96
96 92 643
97 677 95
95 677 675
677 97 652
652 97 646
652 98 677
677 98 676
98 652 99
99 652 645
67 99 100
100 99 647
65 100 651
651 100 648
109 111 108
108 111 162
111 109 112
112 109 648
110 112 114
114 112 647
116 115 118
118 115 646
119 2938 117
117 2938 299
2938 119 120
120 119 643
120 122 2938
2938 122 157
121 124 122
122 124 156
125 123 126
126 123 641
126 128 125
125 128 154
127 130 128
128 130 153
130 127 131
131 127 638
129 131 133
133 131 637
132 133 135
135 133 636
137 136 139
139 136 635
138 139 141
141 139 632
140 141 2939
2939 141 633
2939 143 140
140 143 146
143 2939 144
144 2939 653
142 2940 143
143 2940 145
140 146 147
147 146 276
138 147 148
148 147 277
134 149 150
150 149 279
130 152 153
153 152 283
2938 157 299
299 157 289
117 299 158
158 299 288
107 163 164
164 163 295
2941 2942 2943
2943 2942 2944
2943 2945 2941
2941 2945 2946
169 207 167
167 207 208
174 173 176
176 173 229
175 176 178
178 176 2947
177 178 180
180 178 227
179 180 182
182 180 226
183 284 181
181 284 283
284 183 184
184 183 224
184 186 284
284 186 282
185 188 186
186 188 286
189 187 191
191 187 222
190 191 192
192 191 220
192 194 190
190 194 289
193 196 194
194 196 288
197 195 199
199 195 2948
198 199 201
201 199 217
202 204 200
200 204 293
204 202 205
205 202 215
209 212 211
211 212 250
199 2948 217
217 2948 242
195 218 2948
2948 218 2949
191 222 220
220 222 239
185 223 221
221 223 237
178 2947 227
227 2947 232
176 229 2947
2947 229 231
2947 231 232
232 231 272
222 238 239
239 238 265
218 241 2949
2949 241 263
2948 2949 242
242 2949 261
216 243 244
244 243 259
215 244 245
245 244 258
213 246 247
247 246 257
212 247 250
250 247 2510
248 255 253
253 255 2950
250 2510 255
255 2510 2369
247 257 2510
2510 257 2370
2949 263 261
261 263 2384
236 268 267
267 268 2394
233 271 270
270 271 2951
273 2952 272
272 2952 2513
273 231 2953
2953 231 230
2945 2954 2946
2946 2954 2955
2956 2957 2958
2958 2957 2959
2958 2955 2956
2956 2955 2954
171 277 276
276 277 147
174 278 277
277 278 148
181 283 281
281 283 152
186 286 282
282 286 154
189 287 285
285 287 156
190 289 287
287 289 157
196 290 288
288 290 158
197 291 290
290 291 159
204 294 293
293 294 162
203 295 294
294 295 163
207 169 295
295 169 164
300 146 2960
2960 146 145
2957 2961 2959
2959 2961 2962
2963 2928 2964
2964 2928 2927
2964 2965 2963
2963 2965 2966
2967 2968 2969
2970 2971 2972
2973 2974 2975
2975 2974 2976
2977 2978 2979
2979 2980 2977
2981 2982 2983
2977 2984 2985
2985 2984 2986
2986 2984 2987
2987 2984 2988
2987 2988 2989
2989 2990 2987
2987 2990 2991
2987 2991 2992
2992 2993 2987
2987 2993 2994
2987 2994 2995
2987 2995 2996
2996 2995 2997
2997 2995 2998
2998 2995 2999
2999 2995 3000
3000 2995 3001
3001 2995 3002
3002 2995 3003
3003 2995 3004
3004 2995 3005
3004 3005 3006
3006 3007 3004
3004 3007 3008
3004 3008 3009
3009 3010 3004
3004 3010 3011
3011 3010 3012
3012 3010 3013
3013 3010 3014
3014 3010 3015
3016 3017 3018
3019 3010 3020
3020 3010 3021
3021 3010 3022
3022 3010 3023
3023 3010 3024
3024 3010 3025
3025 3010 3026
3026 3010 3027
3027 3010 3028
3027 3028 3029
3029 3030 3027
3027 3030 3031
3032 3033 3034
3035 3036 3037
3027 3038 3039
2965 2967 2966
2966 2967 3040
312 314 311
311 314 363
313 316 314
314 316 362
319 318 321
321 318 413
322 324 320
320 324 358
330 332 329
329 332 354
331 334 332
332 334 384
333 336 334
334 336 3041
336 333 337
337 333 405
339 338 340
340 338 403
340 342 339
339 342 388
345 349 350
350 349 391
342 351 388
388 351 386
339 388 352
352 388 387
336 353 3041
3041 353 2929
334 3041 384
384 3041 383
332 384 354
354 384 382
324 357 358
358 357 379
319 359 360
360 359 377
317 360 361
361 360 375
314 362 363
363 362 373
360 377 375
375 377 27
358 379 376
376 379 23
355 381 380
380 381 18
3041 2929 383
383 2929 13
353 385 2929
2929 385 8
352 387 385
385 387 9
350 391 389
389 391 5
390 349 3042
3042 349 348
344 400 399
399 400 430
341 401 400
400 401 3043
340 403 401
401 403 429
337 405 402
402 405 3044
330 407 406
406 407 425
328 408 407
407 408 3045
323 410 409
409 410 423
322 411 410
410 411 422
321 413 411
411 413 421
312 416 415
415 416 302
413 420 421
421 420 452
408 424 3045
3045 424 448
407 3045 425
425 3045 446
405 427 3044
3044 427 444
402 3044 428
428 3044 442
401 429 3043
3043 429 441
400 3043 430
430 3043 474
398 431 432
432 431 438
430 474 439
439 474 473
3043 441 474
474 441 472
3044 444 442
442 444 469
3045 448 446
446 448 3046
423 449 447
447 449 497
421 452 450
450 452 3047
301 303 453
453 303 458
462 460 461
461 460 459
451 457 463
463 457 498
452 463 3047
3047 463 3048
450 3047 464
464 3047 628
449 464 497
497 464 495
447 497 465
465 497 496
448 465 3046
3046 465 3049
446 3046 466
466 3046 494
443 467 468
468 467 492
440 470 471
471 470 490
439 473 475
475 473 486
438 475 476
476 475 485
436 477 478
478 477 483
477 484 483
483 484 3050
472 488 487
487 488 610
471 490 488
488 490 611
467 493 492
492 493 615
3046 3049 494
494 3049 617
465 496 3049
3049 496 618
464 628 495
495 628 620
3047 3048 628
628 3048 621
463 498 3048
3048 498 622
3051 3052 2989
2989 3052 2990
2989 2988 3051
3051 2988 3053
3052 3054 2990
2990 3054 2991
507 505 508
508 505 560
508 510 507
507 510 555
512 514 511
511 514 553
514 512 515
515 512 563
513 515 3055
3055 515 564
3055 3056 513
513 3056 2546
3056 3055 3057
3057 3055 597
3057 517 3056
3056 517 3058
517 3057 518
518 3057 595
522 521 523
523 521 567
523 525 522
522 525 548
534 533 536
536 533 573
538 537 503
503 537 575
535 541 542
542 541 2557
532 543 544
544 543 2554
530 544 545
545 544 2552
528 545 546
546 545 2553
526 546 547
547 546 2568
516 550 551
551 550 2547
517 551 3058
3058 551 2548
3056 3058 2546
2546 3058 2544
513 2546 552
552 2546 2545
514 552 553
553 552 2543
510 554 555
555 554 2579
558 3059 506
506 3059 504
504 3060 505
505 3060 559
509 561 562
562 561 600
3055 564 597
597 564 596
3057 597 595
595 597 594
518 595 565
565 595 593
523 567 568
568 567 590
524 568 569
569 568 589
580 581 624
624 581 622
576 582 581
581 582 621
573 585 584
584 585 618
571 587 586
586 587 616
570 588 587
587 588 615
567 591 590
590 591 612
563 599 598
598 599 3050
561 601 600
600 601 605
600 605 606
606 605 482
599 606 3050
3050 606 483
598 3050 607
607 3050 484
3061 3062 3063
3063 3062 3064
585 617 618
618 617 3049
581 621 622
622 621 3048
629 605 3065
3065 605 604
2988 2924 3053
3053 2924 2922
2961 3066 2962
2962 3066 2972
654 3067 631
631 3067 630
144 653 631
631 653 70
2939 633 653
653 633 71
139 635 632
632 635 75
126 641 639
639 641 88
118 646 644
644 646 97
109 649 648
648 649 651
102 3068 649
649 3068 650
69 661 659
659 661 2844
72 663 662
662 663 2846
79 666 665
665 666 2849
87 671 670
670 671 2855
93 673 672
672 673 2857
94 674 673
673 674 2856
98 678 676
676 678 2860
67 66 678
678 66 680
679 66 682
682 66 64
59 63 683
683 63 695
58 683 684
684 683 697
51 686 687
687 686 701
49 687 688
688 687 704
39 691 692
692 691 713
40 692 2903
2903 692 712
2904 715 2905
2905 715 727
694 697 695
695 697 683
700 699 702
702 699 719
704 703 706
706 703 721
708 707 710
710 707 723
711 713 709
709 713 691
713 711 714
714 711 725
715 2904 712
712 2904 2903
650 3068 694
694 3068 102
702 719 720
720 719 738
703 720 721
721 720 737
714 725 726
726 725 732
2905 727 730
730 727 728
725 733 732
732 733 749
724 734 733
733 734 748
723 735 734
734 735 747
722 736 735
735 736 746
739 297 743
743 297 791
738 743 744
744 743 793
737 744 745
745 744 795
729 752 2906
2906 752 802
762 761 763
763 761 38
763 765 762
762 765 787
767 3069 766
766 3069 785
3069 767 768
768 767 808
768 770 3069
3069 770 784
773 772 774
774 772 811
774 776 773
773 776 781
777 775 778
778 775 3070
778 779 777
777 779 753
756 758 779
779 758 754
3069 784 785
785 784 798
762 787 788
788 787 795
790 793 791
791 793 743
788 795 793
793 795 744
785 798 796
796 798 747
782 800 799
799 800 750
781 801 800
800 801 751
780 802 801
801 802 752
753 755 802
802 755 2906
296 169 803
803 169 166
166 168 791
791 168 792
760 252 761
761 252 251
764 806 807
807 806 3071
775 812 3070
3070 812 3072
778 3070 813
813 3070 818
815 816 837
837 816 835
3070 3072 818
818 3072 832
812 819 3072
3072 819 2507
808 823 822
822 823 828
807 3071 823
823 3071 827
806 37 3071
3071 37 826
3071 826 827
827 826 2422
819 831 2507
2507 831 2501
3072 2507 832
832 2507 2502
817 833 834
834 833 2504
3007 2935 3073
3073 2935 2933
3073 3074 3007
3007 3074 3008
3074 3075 3008
3008 3075 3009
3075 3076 3009
3009 3076 3010
850 853 851
851 853 1389
853 850 854
854 850 2308
857 859 856
856 859 1384
2297 3077 2295
2295 3077 2293
875 878 876
876 878 1214
879 877 881
881 877 1553
882 884 880
880 884 1220
883 3078 884
884 3078 1221
3078 883 1574
1574 883 1554
1574 3079 3078
3078 3079 3080
3079 1574 1573
1573 1574 1556
1573 886 3079
3079 886 1223
886 1573 887
887 1573 1557
890 892 889
889 892 1229
892 890 893
893 890 1560
891 893 895
895 893 1561
902 904 901
901 904 1240
906 908 905
905 908 1244
914 920 919
919 920 3081
921 915 923
923 915 1017
922 923 3082
3082 923 1022
3082 3083 922
922 3083 970
3083 3082 1016
1016 3082 1015
1016 925 3083
3083 925 969
925 1016 926
926 1016 1014
924 926 928
928 926 1013
930 929 932
932 929 1011
933 935 931
931 935 964
935 933 936
936 933 1009
937 3084 934
934 3084 962
3084 937 1007
1007 937 1006
1007 961 3084
3084 961 960
961 1007 938
938 1007 1005
938 940 961
961 940 959
943 942 944
944 942 1002
944 946 943
943 946 956
947 945 949
949 945 1001
948 949 951
951 949 999
947 954 955
955 954 996
3084 960 962
962 960 989
930 965 966
966 965 985
3083 969 970
970 969 981
920 972 3081
3081 972 979
919 3081 976
976 3081 977
3081 979 977
977 979 1242
969 982 981
981 982 1235
968 983 982
982 983 1231
967 984 983
983 984 1230
963 988 987
987 988 3085
960 990 989
989 990 1222
958 992 991
991 992 1218
957 993 992
992 993 1215
956 994 993
993 994 1213
955 996 994
994 996 1210
3086 3087 3014
3014 3087 3013
3014 3015 3086
3086 3015 3088
3087 3089 3013
3013 3089 3012
995 954 3090
3090 954 953
3089 3091 3012
3012 3091 3011
3091 3092 3011
3011 3092 3004
1039 3093 998
998 3093 997
949 1001 999
999 1001 1037
942 1003 1002
1002 1003 1034
939 1004 1003
1003 1004 1033
933 1010 1009
1009 1010 1028
3082 1022 1015
1015 1022 1021
923 1017 1022
1022 1017 1020
1017 1019 1020
1020 1019 1061
1014 1023 1024
1024 1023 1057
1012 1025 1026
1026 1025 1072
1011 1026 1027
1027 1026 1074
1009 1028 1029
1029 1028 1054
1006 1030 1031
1031 1030 1052
1005 1031 1032
1032 1031 1051
1000 1035 1036
1036 1035 1047
999 1037 1038
1038 1037 1046
998 1038 1040
1040 1038 1044
1038 1046 1044
1044 1046 1085
1035 1048 1047
1047 1048 1082
1034 1049 1048
1048 1049 1081
1027 1074 1055
1055 1074 1073
1026 1072 1074
1074 1072 1071
1025 1056 1072
1072 1056 1070
1020 1061 1059
1059 1061 1066
1104 1066 3094
3094 1066 1063
1057 1068 1069
1069 1068 1102
1052 1077 1078
1078 1077 1095
1051 1078 1079
1079 1078 3095
1050 1079 1080
1080 1079 1092
1049 1080 1081
1081 1080 1093
1043 1086 2361
2361 1086 2494
1086 1087 2494
2494 1087 2460
1085 1088 1087
1087 1088 2459
1083 1090 1089
1089 1090 2453
1081 1093 1091
1091 1093 2450
1079 3095 1092
1092 3095 2447
1078 1095 3095
3095 1095 2443
1069 1102 1100
1100 1102 2428
1115 1114 3096
3096 1114 1139
3096 1117 1115
1115 1117 2500
1117 3096 1118
1118 3096 1141
1116 1118 3097
3097 1118 3098
3097 1120 1116
1116 1120 2502
1120 3097 1121
1121 3097 1132
1123 1122 1125
1125 1122 1146
1124 1125 1126
1126 1125 3099
1128 1129 2907
2907 1129 1149
1126 3099 1130
1130 3099 1147
1125 1146 3099
3099 1146 1145
1122 1131 1146
1146 1131 1144
3097 3098 1132
1132 3098 1142
1118 1141 3098
3098 1141 1140
3096 1139 1141
1141 1139 1138
1114 1133 1139
1139 1133 1137
1104 3094 1134
1134 3094 1063
1133 1062 1137
1137 1062 1153
3098 1140 1142
1142 1140 1159
1131 1143 1144
1144 1143 1163
3099 1145 1147
1147 1145 1167
2907 1149 2908
2908 1149 3100
1155 1172 1153
1153 1172 1137
1172 1155 1156
1156 1155 917
1156 1158 1172
1172 1158 1138
1160 1162 1159
1159 1162 1142
1171 1170 1184
1184 1170 1182
1184 3100 1171
1171 3100 1149
3100 1184 1150
1150 1184 1183
1150 1152 3100
3100 1152 2908
1018 911 1154
1154 911 913
1154 913 1155
1155 913 912
1156 917 1175
1175 917 1254
1160 1176 1177
1177 1176 1256
1166 1179 1180
1180 1179 3101
1168 1180 1181
1181 1180 3102
1150 1183 1185
1185 1183 3103
1188 1190 1592
1592 1190 1590
1187 1192 1190
1190 1192 1589
1193 1191 1194
1194 1191 3103
1194 1196 1193
1193 1196 1587
1195 1198 1196
1196 1198 1586
1198 1195 1199
1199 1195 1260
1197 1199 1201
1201 1199 3102
1200 1201 1203
1203 1201 3101
1205 1204 1206
1206 1204 1257
1206 1208 1205
1205 1208 1581
1215 1214 1216
1216 1214 878
1216 1218 1215
1215 1218 992
1219 1217 1220
1220 1217 880
1220 1222 1219
1219 1222 990
1221 1264 1222
1222 1264 989
1264 1221 3080
3080 1221 3078
3080 3085 1264
1264 3085 988
3085 3080 1223
1223 3080 3079
1223 1225 3085
3085 1225 987
1224 1227 1225
1225 1227 986
1230 1229 1232
1232 1229 892
1233 1235 1231
1231 1235 982
1234 1237 1235
1235 1237 981
1236 1239 1237
1237 1239 980
1238 1241 1239
1239 1241 978
1243 1245 1242
1242 1245 977
1209 1207 1251
1251 1207 1255
1207 1256 1255
1255 1256 1176
1203 3101 1258
1258 3101 1179
1201 3102 3101
3101 3102 1180
1199 1260 3102
3102 1260 1181
1194 3103 1259
1259 3103 1183
1191 1261 3103
3103 1261 1185
1187 1189 1261
1261 1189 1186
1263 976 1253
1253 976 973
1265 3104 1210
1210 3104 1211
1211 3105 1212
1212 3105 1576
3015 3018 3088
3088 3018 3106
3018 3020 3106
3106 3020 3107
1267 1272 1270
1270 1272 1553
1271 3108 1272
1272 3108 1552
3108 1271 1273
1273 1271 1532
1273 1275 3108
3108 1275 1555
1280 1279 1282
1282 1279 1535
1281 1282 1283
1283 1282 1538
3109 3110 3111
3111 3110 3112
1290 1289 1292
1292 1289 1542
1294 1293 3113
3113 1293 3114
3113 1296 1294
1294 1296 1565
1296 3113 1297
1297 3113 1544
1299 1298 1301
1301 1298 1545
1300 1301 3115
3115 1301 3116
3115 1303 1300
1300 1303 1572
1303 3115 1304
1304 3115 1546
1311 1321 1314
1314 1321 1319
1324 1326 1323
1323 1326 1367
1326 1324 1327
1327 1324 3116
1329 1328 1331
1331 1328 1549
1332 3117 1330
1330 3117 1363
3117 1332 1333
1333 1332 3114
1333 1335 3117
3117 1335 1527
1339 3118 1338
1338 3118 1360
3118 1339 1340
1340 1339 1540
1340 1342 3118
3118 1342 1359
1344 3119 1343
1343 3119 1528
3119 1344 1537
1537 1344 1535
1537 1346 3119
3119 1346 1529
1346 1537 1347
1347 1537 1536
1348 1350 1345
1345 1350 1356
1353 3120 1351
1351 3120 1354
1346 1357 1529
1529 1357 1502
3119 1529 1528
1528 1529 1503
1343 1528 1358
1358 1528 1504
3118 1359 1360
1360 1359 1506
1335 1362 1527
1527 1362 1510
3117 1527 1363
1363 1527 1512
1329 1364 1365
1365 1364 1514
1325 1365 1366
1366 1365 1515
1326 1366 1367
1367 1366 1516
1318 1370 1526
1526 1370 1520
1372 1374 1438
1438 1374 1437
1438 1376 1372
1372 1376 868
1376 1438 1377
1377 1438 1436
1378 2303 1375
1375 2303 864
2303 1378 1379
1379 1378 1434
1379 1381 2303
2303 1381 862
1384 1383 1385
1385 1383 3121
1385 1387 1384
1384 1387 856
1386 2304 1387
1387 2304 852
2304 1386 1430
1430 1386 1429
1430 1389 2304
2304 1389 853
1389 1430 1390
1390 1430 1428
3122 3123 3024
3024 3123 3023
3024 3025 3122
3122 3025 3124
3025 3026 3124
3124 3026 3125
3126 3125 3027
3027 3125 3026
3027 3039 3126
3126 3039 3127
3039 3036 3127
3127 3036 3128
3036 3034 3128
3128 3034 3129
1402 1397 1404
1404 1397 1411
1403 1404 3130
3130 1404 1412
3130 1407 1403
1403 1407 2347
1407 3130 1405
1405 3130 1420
1405 1420 1410
1410 1420 1419
3130 1412 1420
1420 1412 1418
1397 1399 1411
1411 1399 1416
1399 1415 1416
1416 1415 2326
1412 1417 1418
1418 1417 2328
1410 1419 1393
1393 1419 2330
3034 3031 3129
3129 3031 3131
3031 3030 3131
3131 3030 3132
1406 3133 1407
1407 3133 2351
3030 3029 3132
3132 3029 3134
3029 3028 3134
3134 3028 3135
1424 3136 1423
1423 3136 2358
3028 3010 3135
3135 3010 3076
1392 1391 3137
3137 1391 1425
1496 3138 1426
1426 3138 1425
1391 1427 1426
1426 1427 1444
1386 1431 1429
1429 1431 1449
1385 3121 1431
1431 3121 1450
1383 1432 3121
3121 1432 3139
1378 1435 1434
1434 1435 1453
1374 1493 1437
1437 1493 1460
1442 1441 1444
1444 1441 1426
1446 1445 1495
1495 1445 1428
1495 1448 1446
1446 1448 1504
1448 1495 1449
1449 1495 1429
1451 1450 3139
3139 1450 3121
3139 1509 1451
1451 1509 1508
1509 3139 1494
1494 3139 1432
1494 1511 1509
1509 1511 1507
1511 1494 1452
1452 1494 1433
1452 1454 1511
1511 1454 1510
1459 1458 1460
1460 1458 1437
1460 1462 1459
1459 1462 1515
1479 1486 1521
1521 1486 1520
1521 1468 1479
1479 1468 872
1468 1521 1487
1487 1521 1519
1488 1489 1465
1465 1489 2290
1463 1461 1489
1489 1461 1492
1440 1439 3140
3140 1439 1500
1448 1505 1504
1504 1505 1358
1451 1508 1506
1506 1508 1360
1463 1517 1516
1516 1517 1367
3123 3141 3023
3023 3141 3022
3141 3142 3022
3022 3142 3021
1352 1532 1531
1531 1532 1271
1348 1534 1533
1533 1534 1274
1347 1536 1534
1534 1536 1277
1341 1539 1538
1538 1539 1283
1337 1542 1541
1541 1542 1289
1333 3114 1543
1543 3114 1293
1332 1544 3114
3114 1544 3113
1331 1549 1544
1544 1549 1297
1328 1545 1549
1549 1545 1298
1327 3116 1545
1545 3116 1301
1324 1546 3116
3116 1546 3115
1322 1547 1546
1546 1547 1304
1266 3143 1531
1531 3143 1530
3142 3107 3021
3021 3107 3020
1270 1553 1551
1551 1553 877
3108 1555 1552
1552 1555 882
1285 1560 1559
1559 1560 890
1290 1563 1562
1562 1563 896
1291 1564 1563
1563 1564 898
1296 1566 1565
1565 1566 902
1300 1572 1568
1568 1572 907
1303 1569 1572
1572 1569 910
1575 3144 1551
1551 3144 1550
1575 875 3145
3145 875 874
1578 1579 1577
1577 1579 1580
1577 1580 1247
1247 1580 1248
1198 1585 1586
1586 1585 1607
1597 1600 1598
1598 1600 1581
1600 1597 1601
1601 1597 1308
1604 1606 1603
1603 1606 1584
1607 1605 1609
1609 1605 1622
1610 1612 1608
1608 1612 1587
1615 1614 1628
1628 1614 1626
1628 1616 1615
1615 1616 1590
1616 1628 1593
1593 1628 1627
1593 1595 1616
1616 1595 1591
1596 1571 1597
1597 1571 1570
1604 1620 1621
1621 1620 1638
1611 1624 1625
1625 1624 1647
1614 1625 1626
1626 1625 1648
1594 1629 2909
2909 1629 1651
1643 1645 1642
1642 1645 1623
1644 1647 1645
1645 1647 1624
1649 1653 1648
1648 1653 1626
1653 1649 3146
3146 1649 3147
3146 1652 1653
1653 1652 1627
1652 3146 1650
1650 3146 3148
1650 1651 1652
1652 1651 1629
1630 1632 1651
1651 1632 2909
1654 1548 1633
1633 1548 1634
1548 1311 1634
1634 1311 1313
1634 1313 1635
1635 1313 1312
1643 1658 1659
1659 1658 1691
1646 1660 1661
1661 1660 1693
1649 1661 3147
3147 1661 1694
3146 3147 3148
3148 3147 1695
1650 3148 1662
1662 3148 3149
1631 1663 2910
2910 1663 1697
2911 3150 1666
1666 3150 1664
3150 1668 1664
1664 1668 1707
1668 3150 1669
1669 3150 1697
1670 1672 1667
1667 1672 1705
1672 1670 1673
1673 1670 3149
1674 1676 1671
1671 1676 1703
1675 1678 1676
1676 1678 1702
1680 1682 1679
1679 1682 1700
1681 3151 1682
1682 3151 2281
3151 1681 1686
1686 1681 1690
1686 1685 3151
3151 1685 1474
1683 1689 1688
1688 1689 1656
1677 1693 1692
1692 1693 1660
1674 1695 1694
1694 1695 3147
1673 3149 1695
1695 3149 3148
1670 1696 3149
3149 1696 1662
3150 2911 1697
1697 2911 2910
3151 1474 2281
2281 1474 2270
1682 2281 1700
1700 2281 2271
1672 1704 1705
1705 1704 2274
1722 1721 1724
1724 1721 2198
1723 1724 1725
1725 1724 2199
1725 1727 1723
1723 1727 2248
1730 1729 1732
1732 1729 2202
1731 1732 1734
1734 1732 2203
1737 1739 1736
1736 1739 2254
1716 1738 1740
1740 1738 2208
1717 1740 2912
2912 1740 2207
2913 1763 2914
2914 1763 1766
1750 1752 1749
1749 1752 2201
1752 1750 1753
1753 1750 1777
1751 1753 1754
1754 1753 1776
1754 1756 1751
1751 1756 2203
1758 1760 1757
1757 1760 2205
1762 1764 1761
1761 1764 2208
1764 1762 1765
1765 1762 1771
2914 1766 1769
1769 1766 1767
1762 1772 1771
1771 1772 1796
1759 1773 1772
1772 1773 1795
1758 1774 1773
1773 1774 1794
1755 1775 1774
1774 1775 1793
1780 1790 1781
1781 1790 1778
1785 2166 1786
1786 2166 2122
1784 1786 2165
2165 1786 2132
2165 1787 1784
1784 1787 2189
1787 2165 1783
1783 2165 2131
1789 1787 1788
1788 1787 1782
1777 1790 1791
1791 1790 1812
1776 1791 1792
1792 1791 1807
1768 1799 2915
2915 1799 1822
2915 1822 1824
1824 1822 1821
1799 1800 1822
1822 1800 1820
1798 1801 1800
1800 1801 1819
1797 1802 1801
1801 1802 1818
1794 1805 1804
1804 1805 1815
1791 1812 1807
1807 1812 1811
1790 1780 1812
1812 1780 1810
1807 1811 1813
1813 1811 2154
1804 1815 1816
1816 1815 3152
1831 1833 1830
1830 1833 1866
1833 1831 1834
1834 1831 2061
1845 1859 1844
1844 1859 1858
1859 1845 3153
3153 1845 2068
3153 1857 1859
1859 1857 1856
1857 3153 1846
1846 3153 2069
1846 1848 1857
1857 1848 1855
1852 3154 1850
1850 3154 1886
1838 1862 1863
1863 1862 1879
1836 1863 1864
1864 1863 1901
1832 1864 1865
1865 1864 1877
1825 1868 1870
1870 1868 1874
1870 1874 1871
1871 1874 1906
1866 1876 1875
1875 1876 1903
1864 1901 1877
1877 1901 1900
1863 1879 1901
1901 1879 1899
1861 1880 1878
1878 1880 1897
1858 1882 1881
1881 1882 1895
1856 1883 1882
1882 1883 1894
1885 1890 1892
1892 1890 2612
1884 1892 1893
1893 1892 2611
1878 1897 1898
1898 1897 2607
1873 1904 1905
1905 1904 3155
1874 1905 1906
1906 1905 2602
1918 1994 1916
1916 1994 1971
1920 1923 1989
1989 1923 2076
1924 1922 3156
3156 1922 3157
3156 2098 1924
1924 2098 2080
2098 3156 1925
1925 3156 1938
1925 1927 2098
2098 1927 2083
1929 1931 1928
1928 1931 2088
1930 1933 1931
1931 1933 2089
1933 1930 1934
1934 1930 2103
1930 1935 2103
2103 1935 2149
1926 1937 1936
1936 1937 2148
3156 3157 1938
1938 3157 2146
1922 1939 3157
3157 1939 2144
1945 1947 1943
1943 1947 2154
1947 1945 1948
1948 1945 1970
1946 1948 1950
1950 1948 3158
1951 1953 1949
1949 1953 3152
1957 1959 1956
1956 1959 2159
1960 1958 3159
3159 1958 3160
3159 1961 1960
1960 1961 2161
1961 3159 1962
1962 3159 1983
1969 3158 1970
1970 3158 1948
3158 1969 1971
1971 1969 1916
1971 1973 3158
3158 1973 1950
1972 1975 1973
1973 1975 1951
1980 1979 2000
2000 1979 1998
2000 3160 1980
1980 3160 1958
3160 2000 1981
1981 2000 1999
1981 1983 3160
3160 1983 3159
1984 1982 1986
1986 1982 2002
1965 1967 1985
1985 1967 1964
1987 1919 1970
1970 1919 1921
1970 1921 1968
1972 1994 1995
1995 1994 2016
1979 1997 1998
1998 1997 2013
1966 2004 2007
2007 2004 2005
1999 2012 2011
2011 2012 3161
1997 2014 2013
2013 2014 3162
2014 2020 3162
3162 2020 2038
2013 3162 2021
2021 3162 2040
2012 2021 3161
3161 2021 3163
2011 3161 2022
2022 3161 2031
2009 2023 2024
2024 2023 2045
2008 2024 2025
2025 2024 3164
2027 2028 2916
2916 2028 2048
2025 3164 2029
2029 3164 2046
2024 2045 3164
3164 2045 2044
2023 2030 2045
2045 2030 2043
3161 3163 2031
2031 3163 2041
2021 2040 3163
3163 2040 2039
3162 2038 2040
2040 2038 2037
2020 2032 2038
2038 2032 2036
2032 2035 2036
2036 2035 1910
3163 2039 2041
2041 2039 2056
2030 2042 2043
2043 2042 2053
3164 2044 2046
2046 2044 2051
2916 2048 2917
2917 2048 3165
2917 3165 2635
2635 3165 2633
2048 2049 3165
3165 2049 2657
2041 2056 2054
2054 2056 2627
2037 2057 2055
2055 2057 2625
2036 1910 2057
2057 1910 2623
1869 2033 1825
1825 2033 2034
1825 2034 1826
1829 2018 2060
2060 2018 2073
1841 2065 2066
2066 2065 2087
3153 2068 2069
2069 2068 2092
2070 3166 1846
1846 3166 1849
2075 2077 2073
2073 2077 2060
2078 2076 2079
2079 2076 1923
2079 2081 2078
2078 2081 2062
2083 2085 2082
2082 2085 2064
2084 2087 2085
2085 2087 2065
2087 2084 2088
2088 2084 1928
2089 2091 2086
2086 2091 2067
2099 3167 2090
2090 3167 2094
2093 3168 2092
2092 3168 2096
2097 1917 2073
2073 1917 2074
2143 2136 2111
2111 2136 2128
2111 2113 2143
2143 2113 2151
2112 2115 2113
2113 2115 2148
2117 2106 2116
2116 2106 2149
2129 2127 2131
2131 2127 1783
2122 2134 2133
2133 2134 2117
3169 3170 3171
3172 3173 3174
3175 3176 3177
3178 3179 3180
3180 3179 3181
3181 3179 3182
3182 3179 3183
3179 3184 3183
3183 3184 3185
3185 3184 3186
3186 3184 3187
3187 3184 3188
3188 3184 3189
3184 3190 3189
3189 3190 3191
3191 3190 3192
3192 3190 3193
3193 3190 3194
3194 3190 3195
3196 3197 3198
3199 3200 3201
3201 3200 3202
3202 3200 3203
3204 3205 3206
3207 3208 3209
3209 3208 3210
3210 3208 3211
3208 3212 3211
3211 3212 3213
3213 3212 3214
3214 3212 3215
3212 3216 3215
3215 3216 3217
3217 3216 3218
3218 3216 3219
3216 3220 3219
3219 3220 3221
3221 3220 3222
3222 3220 3223
3223 3220 3224
3224 3220 3225
3224 3225 3226
3226 3225 3227
3227 3225 3228
3229 3230 3231
3232 3233 3234
3234 3233 3235
3235 3233 3236
3236 3233 3237
3238 3239 3240
3240 3239 3241
3241 3239 3242
3242 3239 3243
3244 3245 3246
3247 3239 3248
3247 3248 3249
3249 3248 3250
3250 3248 3251
3251 3248 3252
3248 3253 3252
3252 3253 3254
3254 3253 3255
3255 3253 3256
3256 3253 3257
3258 3259 3260
3257 3261 3262
3262 3261 3263
3263 3261 3264
3264 3261 3265
3266 3267 3268
3269 3261 3270
3261 3271 3270
3270 3271 3272
3272 3271 3273
3273 3271 3274
3274 3271 3275
3275 3271 3276
3276 3271 3277
3277 3271 3278
3277 3278 3279
3280 3281 3282
3279 3283 3284
3279 3284 3285
3286 3287 3288
3285 3289 3290
3285 3290 3291
3291 3290 3292
3290 3293 3292
3292 3293 3294
3294 3293 3295
3295 3293 3296
3296 3293 3297
3297 3293 3298
3299 3300 3301
3302 3303 3304
3305 3306 3307
3307 3306 3308
3308 3306 3309
3309 3306 3310
3310 3306 3311
3311 3306 3312
3311 3312 3313
3313 3312 3314
3314 3312 3315
3315 3312 3316
3312 3317 3316
3316 3317 3318
3319 3320 3321
3322 3317 3323
3323 3317 3324
3324 3317 3325
3324 3325 3326
3326 3325 3327
3327 3325 3328
3328 3325 3329
3330 3331 3332
3329 3333 3334
3334 3333 3335
3335 3333 3336
3336 3333 3337
3337 3333 3338
3337 3338 3339
3339 3338 3340
3340 3338 3341
3341 3338 3342
3341 3342 3343
3343 3342 3344
3344 3342 3345
3345 3342 3346
3345 3346 3347
3347 3346 3348
3348 3346 3349
3349 3346 3350
3346 3351 3350
3350 3351 3352
3352 3351 3353
3353 3351 3354
3351 3355 3354
3354 3355 3356
3356 3355 3357
3357 3355 3358
3355 3359 3358
3358 3359 3360
3360 3359 3361
3361 3359 3362
3362 3359 3363
3364 3365 3366
3367 3368 3369
3369 3368 3370
3371 3366 3372
3373 3374 3375
3374 3376 3375
3375 3376 3377
3377 3376 3378
3378 3376 3379
3379 3376 3380
3380 3376 3381
3380 3381 3382
3382 3381 3383
3383 3381 3384
3384 3381 3385
3381 3386 3385
3385 3386 3387
3387 3386 3388
3388 3386 3389
3390 3391 3392
3393 3386 3394
3395 3396 3397
3394 3398 3399
3399 3398 3400
3400 3398 3401
3401 3398 3402
3402 3398 3403
3403 3398 3404
3404 3398 3405
3404 3405 3406
3407 3408 3409
3410 3405 3411
3411 3405 3412
3412 3405 3413
3413 3405 3414
3413 3414 3415
3415 3414 3416
3416 3414 3417
3417 3414 3418
3418 3414 3419
3420 3421 3422
3423 3424 3425
3426 3427 3428
3428 3427 3429
3429 3427 3430
3430 3427 3431
3431 3427 3432
3427 3433 3432
3432 3433 3434
3435 3436 3437
3438 3433 3439
3439 3433 3440
3440 3433 3441
3441 3433 3442
3442 3433 3443
3444 3445 3446
3443 3447 3448
3448 3447 3449
3449 3447 3450
3451 3452 3453
3454 3447 3455
3454 3455 3456
3456 3455 3457
3457 3455 3458
3458 3455 3459
3459 3455 3460
3460 3455 3461
3461 3455 3462
3462 3455 3463
3462 3463 3464
3464 3463 3465
2142 2146 2144
2144 2146 3157
2143 2151 2146
2146 2151 1938
2113 2148 2151
2151 2148 1937
1944 1943 2145
2145 1943 2153
1947 2155 2154
2154 2155 1813
1949 3152 2156
2156 3152 1815
1953 2157 3152
3152 2157 1816
1959 2160 2159
2159 2160 1819
1961 2162 2161
2161 2162 1821
1940 1942 2162
2162 1942 1823
2163 1810 2126
2126 1810 1808
2126 1808 2127
2127 1808 1809
2127 1809 2164
2179 2181 2177
2177 2181 2188
2181 2179 2172
2172 2179 2213
2181 2185 2188
2188 2185 2193
2188 2193 2191
2191 2193 1785
1746 2199 2198
2198 2199 1724
1761 2208 2206
2206 2208 1738
1763 2913 2207
2207 2913 2912
2210 2213 2209
2209 2213 2211
2214 2220 2217
2217 2220 1481
2226 2230 2229
2229 2230 2233
2232 3466 2245
2245 3466 2231
2231 3466 2230
2230 3466 2232
2234 2237 2220
2220 2237 1483
2238 3417 2234
2234 3417 2239
2235 3422 2229
2229 3422 2228
2210 1721 2243
2243 1721 1720
1719 2246 2245
2245 2246 2264
1716 1718 2255
2255 1718 1711
2253 2256 2257
2257 2256 2278
2251 2258 2259
2259 2258 2276
2250 2259 2260
2260 2259 2274
2248 2261 2262
2262 2261 2279
2247 2262 2263
2263 2262 2280
2246 2263 2264
2264 2263 2272
2269 2268 2270
2270 2268 2267
2263 2280 2272
2272 2280 1701
2262 2279 2280
2280 2279 1702
2261 2273 2279
2279 2273 1703
2259 2276 2274
2274 2276 1705
2257 2278 2275
2275 2278 1707
1710 1712 2277
2277 1712 1709
1491 1492 3375
3375 1492 2294
870 3352 868
868 3352 2302
849 3467 850
850 3467 2307
855 2309 2310
2310 2309 2330
858 2311 2312
2312 2311 2328
865 2314 2315
2315 2314 2322
2314 2326 2322
2322 2326 1415
2332 3468 2331
2331 3468 1394
2343 2340 2344
2344 2340 2350
2344 2350 2347
2347 2350 1403
2340 2348 2350
2350 2348 1402
2346 3469 2344
2344 3469 2345
2345 3470 2343
2343 3470 2352
3092 3471 3004
3004 3471 3003
2361 2494 2364
2364 2494 2462
2368 2367 2950
2950 2367 253
2950 3472 2368
2368 3472 2418
3472 2950 2369
2369 2950 255
2369 2371 3472
3472 2371 2490
2372 2370 2374
2374 2370 257
2376 2375 2377
2377 2375 258
2377 2379 2376
2376 2379 2491
2378 2381 2379
2379 2381 2414
2380 2383 2381
2381 2383 2413
2383 2380 2384
2384 2380 261
2388 2387 2511
2511 2387 264
2511 2390 2388
2388 2390 2409
2390 2511 2391
2391 2511 265
2389 2391 2512
2512 2391 266
2512 2393 2389
2389 2393 2407
2393 2512 2394
2394 2512 267
2397 2404 2396
2396 2404 2403
2404 2397 2951
2951 2397 270
2951 2399 2404
2404 2399 2402
2399 2951 2400
2400 2951 271
2398 3473 2399
2399 3473 2401
2389 2407 2408
2408 2407 2472
2390 2408 2409
2409 2408 2473
2386 2410 2411
2411 2410 2475
2382 2411 2412
2412 2411 2476
2379 2414 2491
2491 2414 2479
2376 2491 2415
2415 2491 2480
2373 2415 2416
2416 2415 2481
2371 2417 2490
2490 2417 2482
3472 2490 2418
2418 2490 2484
2365 2419 2421
2421 2419 2486
2427 2429 2425
2425 2429 1101
2429 2427 2430
2430 2427 2487
2432 2431 2434
2434 2431 2485
2436 2435 2438
2438 2435 2482
2437 2438 2439
2439 2438 2483
2439 2441 2437
2437 2441 1096
2442 2440 2444
2444 2440 2480
2445 2447 2443
2443 2447 3095
2452 2451 2454
2454 2451 2475
2455 2457 2453
2453 2457 1089
2456 2459 2457
2457 2459 1088
2462 2461 2466
2466 2461 2470
2466 2465 2462
2462 2465 2364
2458 2472 2471
2471 2472 2407
2456 2473 2472
2472 2473 2408
2455 2474 2473
2473 2474 2409
2449 2477 2476
2476 2477 2412
2446 2478 2477
2477 2478 2413
2445 2479 2478
2478 2479 2414
2439 2483 2481
2481 2483 2416
2431 2486 2485
2485 2486 2419
2489 2424 2487
2487 2424 2423
2467 3474 2463
2463 3474 2464
2495 1109 2425
2425 1109 2426
1109 1108 2426
2426 1108 2496
2426 2496 2427
2427 2496 2488
1108 2497 2422
2422 2497 827
1111 2498 2497
2497 2498 828
1117 2501 2500
2500 2501 831
1105 1107 2506
2506 1107 836
2508 826 2420
2420 826 824
2366 36 2367
2367 36 2509
36 38 2509
2509 38 254
2942 3000 2944
2944 3000 3475
3000 3001 3475
3475 3001 3476
2401 3477 2402
2402 3477 2492
3001 3002 3476
3476 3002 3478
3002 3003 3478
3478 3003 3471
2493 3479 2364
2364 3479 2363
2936 2994 2937
2937 2994 3480
2994 2993 3480
3480 2993 3481
3279 3482 2518
2518 3482 2515
2535 3483 2530
2530 3483 2531
2993 2992 3481
3481 2992 3484
2992 2991 3484
3484 2991 3054
557 2540 2539
2539 2540 2581
556 2541 2540
2540 2541 2580
555 2579 2541
2541 2579 2578
554 2542 2579
2579 2542 2577
552 2545 2543
2543 2545 2575
3058 2548 2544
2544 2548 2573
548 2551 2550
2550 2551 2569
547 2568 2551
2551 2568 2567
546 2553 2568
2568 2553 2566
542 2557 2555
2555 2557 3485
2562 3486 2661
2661 3486 3487
2661 3487 2558
2558 3487 2556
2556 3487 3486
2556 3486 2562
2560 3485 2561
2561 3485 2557
2559 2561 3488
3488 2561 2562
2555 3485 2563
2563 3485 2599
2553 2565 2566
2566 2565 3489
2549 2570 2571
2571 2570 2593
2545 2574 2575
2575 2574 3490
2539 2581 2583
2583 2581 2522
2582 3491 2539
2539 3491 2538
2582 2583 3492
3492 2583 2584
2580 2586 2585
2585 2586 2613
2576 2589 2588
2588 2589 2610
2575 3490 2589
2589 3490 2619
2574 2590 3490
3490 2590 2609
2572 2592 2591
2591 2592 2607
2566 3489 2596
2596 3489 2620
2565 2597 3489
3489 2597 3155
3485 2560 2599
2599 2560 2600
2598 2601 2602
2602 2601 1906
2597 2602 3155
3155 2602 1905
3489 3155 2620
2620 3155 1904
2596 2620 2603
2603 2620 1903
2595 2603 2604
2604 2603 1902
2593 2605 2606
2606 2605 1899
2591 2607 2608
2608 2607 1897
3490 2609 2619
2619 2609 1895
2589 2619 2610
2610 2619 1894
2586 2612 2613
2613 2612 1890
2622 2623 2621
2621 2623 2624
2621 2624 1907
1907 2624 1908
2057 2623 2625
2625 2623 2641
2049 2632 2657
2657 2632 2651
3165 2657 2633
2633 2657 2655
2640 2643 2641
2641 2643 2625
2644 2642 2645
2645 2642 2662
2645 2647 2644
2644 2647 2627
2650 2649 3493
3493 2649 2665
3493 2658 2650
2650 2658 2630
2658 3493 3494
3494 3493 2697
3494 2652 2658
2658 2652 2631
2652 3494 2653
2653 3494 2696
2655 2654 3495
3495 2654 2667
3495 2656 2655
2655 2656 2633
2656 3495 2636
2636 3495 2668
2636 2638 2656
2656 2638 2634
2660 2560 2639
2639 2560 2559
2559 3488 2640
2640 3488 2562
2642 2661 2662
2662 2661 2674
2646 2663 2664
2664 2663 2680
3493 2665 2697
2697 2665 2683
3494 2697 2696
2696 2697 2685
2653 2696 2666
2666 2696 2687
3495 2667 2668
2668 2667 2692
2678 2680 2677
2677 2680 2663
2687 2686 2688
2688 2686 2704
2688 2690 2687
2687 2690 2666
2689 2692 2690
2690 2692 2667
2694 2695 2693
2693 2695 2669
2671 2673 2695
2695 2673 2670
2698 539 2674
2674 539 2675
539 499 2675
2675 499 501
500 502 2699
2699 502 579
2678 578 2700
2700 578 2737
2684 2702 2703
2703 2702 2740
2689 2705 2706
2706 2705 2743
2671 2708 2709
2709 2708 2746
2918 2714 2713
2713 2714 2711
2714 2716 2711
2711 2716 2757
2715 2718 2716
2716 2718 3496
2717 2720 2718
2718 2720 2756
2720 2717 2721
2721 2717 2745
2719 2721 2722
2722 2721 2744
2722 2724 2719
2719 2724 2754
2723 2726 2724
2724 2726 2753
2729 2728 2731
2731 2728 2740
2734 2738 2737
2737 2738 2700
2725 2742 2741
2741 2742 2704
2717 2746 2745
2745 2746 2708
2715 2747 2746
2746 2747 2709
2714 2918 2747
2747 2918 2710
2748 2749 2737
2737 2749 2736
2718 2756 3496
3496 2756 3497
2716 3496 2757
2757 3496 3498
2766 2764 2768
2768 2764 308
2771 2773 2770
2770 2773 2753
2774 2772 2775
2775 2772 2786
2775 2777 2774
2774 2777 2755
2776 3497 2777
2777 3497 2756
3497 2776 2790
2790 2776 2788
2790 3498 3497
3497 3498 3496
3498 2790 3499
3499 2790 2789
3499 2779 3498
3498 2779 2757
2779 3499 2780
2780 3499 2791
2760 2762 2778
2778 2762 2759
2769 2783 2784
2784 2783 3500
3499 2789 2791
2791 2789 2800
2760 2792 2793
2793 2792 2798
2761 2793 2796
2796 2793 2794
2793 2798 2794
2794 2798 2815
2791 2800 2797
2797 2800 2813
2788 2801 2799
2799 2801 2811
2787 2802 2801
2801 2802 2810
2785 2804 2803
2803 2804 2808
2784 3500 2804
2804 3500 2830
2783 2805 3500
3500 2805 368
309 310 2806
2806 310 366
2806 366 2805
2805 366 2807
3500 368 2830
2830 368 2829
2804 2830 2808
2808 2830 2828
2800 2812 2813
2813 2812 2824
2815 2821 2820
2820 2821 2898
2813 2824 2822
2822 2824 2896
2811 2825 2823
2823 2825 2894
2810 2826 2825
2825 2826 2893
2809 2827 2826
2826 2827 2892
367 370 2831
2831 370 2832
2831 2832 2829
2829 2832 2833
3 3501 4
4 3501 2881
2967 2969 3040
3040 2969 3502
2969 2972 3502
3502 2972 3066
394 395 3503
3503 395 397
397 396 3504
3504 396 434
660 2843 2842
2842 2843 2878
667 2851 2850
2850 2851 2870
670 2855 2853
2853 2855 2867
672 2857 2854
2854 2857 2865
674 2858 2856
2856 2858 2863
678 680 2860
2860 680 2886
2860 2886 2861
2861 2886 1
2859 2861 2862
2862 2861 0
2858 2862 2863
2863 2862 2930
2854 2865 2866
2866 2865 28
2851 2869 2870
2870 2869 21
2845 2875 2876
2876 2875 11
2842 2878 2880
2880 2878 7
2879 3505 2842
2842 3505 2841
61 60 2888
2888 60 2891
60 2892 2891
2891 2892 2827
57 2893 2892
2892 2893 2826
56 2894 2893
2893 2894 2825
52 2896 2895
2895 2896 2824
50 2897 2896
2896 2897 2822
45 2899 2898
2898 2899 2820
3506 3507 3508
3509 3510 3511
3511 3510 3512
3512 3510 3513
3510 3514 3513
3513 3514 3515
3515 3514 3516
3516 3514 3517
3514 3518 3517
3517 3518 3519
3519 3518 3520
3520 3518 3521
3520 3521 3522
3522 3521 3523
3523 3521 3524
3524 3521 3525
3524 3525 3526
3526 3525 3527
3527 3525 3528
3529 3530 3531
3528 3532 3533
3533 3532 3534
3534 3532 3535
3535 3532 3536
3535 3536 3537
3537 3536 3538
3538 3536 3539
3539 3536 3540
3539 3540 3541
3541 3540 3542
3542 3540 3543
3543 3540 3544
3545 3546 3547
3548 3544 3549
3544 3550 3549
3549 3550 3551
3551 3550 3552
3552 3550 3553
3550 3554 3553
3553 3554 3555
3555 3554 3556
3556 3554 3557
3554 3558 3557
3557 3558 3559
3559 3558 3560
3560 3558 3561
3560 3561 3562
3562 3561 3563
3563 3561 3564
3564 3561 3565
3564 3565 3566
3566 3565 3567
3567 3565 3568
3568 3565 3569
3568 3569 3570
3570 3569 3571
3571 3569 3572
3572 3569 3573
3572 3573 3574
3574 3573 3575
3573 3576 3575
3575 3576 3577
3577 3576 3578
3578 3576 3579
3579 3576 3580
3580 3576 3581
3580 3581 3582
3582 3581 3583
3581 3584 3583
3583 3584 3585
3585 3584 3586
3586 3584 3587
3584 3588 3587
3587 3588 3589
3589 3588 3590
3590 3588 3591
3588 3592 3591
3591 3592 3593
3593 3592 3594
3594 3592 3595
3592 3596 3595
3595 3596 3597
3597 3596 3598
3598 3596 3599
3598 3599 3600
3600 3599 3601
3602 3603 3604
3605 3599 3606
3605 3606 3607
3607 3606 3608
3608 3606 3609
3609 3606 3610
3609 3610 3611
3611 3610 3612
3613 3614 3615
3612 3616 3617
3617 3616 3618
3618 3616 3619
3616 3620 3619
3619 3620 3621
3621 3620 3622
3622 3620 3623
3620 3624 3623
3623 3624 3625
3625 3624 3626
3626 3624 3627
3624 3628 3627
3627 3628 3629
3629 3628 3630
3630 3628 3631
3628 3632 3631
3631 3632 3633
3633 3632 3634
3634 3632 3635
3632 3636 3635
3635 3636 3637
3637 3636 3638
3638 3636 3639
3638 3639 3640
3640 3639 3641
3641 3639 3642
3642 3639 3643
3642 3643 3644
3644 3643 3645
3645 3643 3646
3646 3643 3647
3646 3647 3648
3648 3647 3649
3647 3650 3649
3649 3650 3651
3651 3650 3652
3652 3650 3653
3650 3654 3653
3653 3654 3655
3655 3654 3656
3656 3654 3657
3658 3659 3660
3657 3661 3662
3662 3661 3663
3663 3661 3664
3661 3665 3664
3664 3665 3666
3666 3665 3667
3667 3665 3668
3667 3668 3669
3670 3671 3672
3673 3668 3674
3674 3668 3675
3668 3676 3675
3675 3676 3677
3677 3676 3678
3678 3676 3679
3678 3679 3680
3680 3679 3681
3681 3679 3682
3682 3679 3683
3682 3683 3684
3684 3683 3685
3683 3686 3685
3685 3686 3687
3685 3687 3688
3685 3688 3689
3689 3688 3690
3689 3690 3691
3691 3692 3689
3689 3692 3693
3693 3692 3694
3694 3692 3695
3694 3695 3696
3696 3695 3697
3697 3695 3698
3698 3695 3699
3698 3699 3700
3700 3699 3701
3699 3702 3701
3701 3702 3703
3703 3702 3704
3704 3702 3705
3705 3702 3706
3706 3702 3707
3706 3707 3708
3708 3707 3709
3707 3710 3709
3709 3710 3711
3712 3713 3714
3715 3710 3716
3710 3717 3716
3716 3717 3718
3718 3717 3719
3719 3717 3720
3717 3721 3720
3720 3721 3722
3722 3721 3723
3723 3721 3724
3721 3725 3724
3724 3725 3726
3725 3509 3726